-1.6692,-0.29981,0.52418,-0.25919,2.3553,-35.572,-81.34,-1.3217,0.71083,-8.2882,-0.9176,-0.021663,-1.111
-0.66925,-0.29981,0.52418,-0.25919,5.1553,41.128,76.16,4.7783,13.511,-23.288,0.4824,-0.021663,-1.111
2.3308,-0.29981,1.5242,1.7408,0.55532,13.528,247.36,-0.52166,2.6108,-16.288,0.4824,-0.021663,1.7008
-2.6692,-2.2998,0.52418,-2.2592,3.9553,101.23,132.96,0.47834,9.0108,-17.288,-1.8176,-0.021663,-1.111
-2.6692,-2.2998,0.52418,-2.2592,4.1553,-2.5723,99.16,7.9783,-1.4892,-1.2882,2.6824,-0.021663,-0.38348
0.33075,-0.29981,-4.4758,-3.2592,-0.54468,-71.172,-461.34,-2.8217,-5.6892,-4.2882,1.3824,-0.021663,-0.4432
-0.66925,0.70019,-6.4758,2.7408,-71.945,-109.77,-376.54,-9.0217,-13.689,55.712,-3.1176,-0.021663,-1.111
4.3308,-0.29981,1.5242,-2.2592,-6.2447,-37.472,123.96,-5.8217,5.4108,-8.2882,-0.9176,-0.021663,3.5586
4.3308,4.7002,0.52418,0.74081,4.1553,116.13,158.76,2.9783,6.1108,-8.2882,-0.017602,-0.021663,-1.111
-1.6692,1.7002,1.5242,2.7408,1.7553,13.228,132.76,-0.52166,-1.6892,13.712,-2.7176,-0.021663,-1.111
0.33075,-0.29981,1.5242,0.74081,2.6553,30.328,165.96,4.8783,8.7108,-14.288,-2.7176,-0.021663,-1.111
-0.66925,-1.2998,1.5242,2.7408,-0.14468,-14.172,202.56,2.3783,1.5108,10.712,0.8824,-0.021663,0.42369
-3.6692,-0.29981,1.5242,-3.2592,1.4553,-23.172,173.16,0.47834,-0.78917,9.7118,-0.9176,-0.021663,0.030007
-1.6692,-0.29981,-0.47582,1.7408,-0.54468,-59.672,-123.84,-2.8217,5.7108,-1.2882,-2.2176,-0.021663,-0.22313
-2.6692,0.70019,0.52418,1.7408,3.0553,120.23,167.16,-0.62166,4.7108,8.7118,-0.017602,-0.021663,0.8945
-0.66925,-0.29981,1.5242,-3.2592,0.25532,15.628,138.56,-2.0217,-1.1892,-5.2882,-1.8176,-0.021663,0.29262
2.3308,0.70019,1.5242,-2.2592,0.35532,18.628,144.66,-2.0217,1.8108,-7.2882,-1.8176,-0.021663,1.7904
-2.6692,-2.2998,1.5242,0.74081,1.7553,7.0277,120.06,3.1783,4.1108,-7.2882,0.4824,-0.021663,-1.111
-3.6692,-0.29981,1.5242,1.7408,1.5553,-8.5723,203.56,-0.62166,5.3108,-17.288,-0.9176,-0.021663,-1.111
-1.6692,1.7002,-1.4758,0.74081,0.45532,-16.772,-315.84,-1.9217,0.31083,-6.2882,0.4824,-0.021663,-1.111
1.3308,-0.29981,-4.4758,1.7408,0.15532,-68.972,-458.54,-1.1217,-5.5892,-2.2882,-3.1176,-0.021663,1.0172
-2.6692,-0.29981,0.52418,-3.2592,4.3553,24.628,48.36,12.278,11.711,-16.288,-0.4176,-0.021663,0.010652
1.3308,0.70019,-1.4758,0.74081,1.8553,-54.472,-114.64,-1.9217,4.3108,-5.2882,1.3824,-0.021663,-0.32712
0.33075,1.7002,0.52418,2.7408,0.95532,70.428,65.06,-1.4217,5.4108,-11.288,-0.4176,-0.021663,0.42153
2.3308,-0.29981,-1.4758,2.7408,3.6553,-14.572,-347.94,47.078,2.1108,-0.2882,0.4824,-0.021663,-1.111
2.3308,1.7002,-0.47582,-1.2592,0.55532,72.228,-110.24,3.4783,-6.2892,45.712,3.5824,0.17834,-1.111
-2.6692,-2.2998,1.5242,-3.2592,0.85532,19.228,259.16,-1.5217,-2.0892,-1.2882,-0.9176,-0.021663,0.8103
3.3308,1.7002,1.5242,-3.2592,1.2553,0.82766,222.36,-2.5217,-3.1892,6.7118,-1.8176,-0.021663,-1.111
-3.6692,-2.2998,0.52418,0.74081,0.35532,56.028,204.66,-1.9217,-0.38917,28.712,4.4824,-0.021663,-1.111
-2.6692,-2.2998,-5.4758,-3.2592,-6.6447,-101.57,-513.94,-6.9217,-4.9892,-4.2882,1.3824,-0.021663,-1.111
3.3308,1.7002,0.52418,-0.25919,0.055319,83.228,95.06,-2.2217,2.4108,-3.2882,-0.4176,-0.021663,-1.111
-3.6692,-2.2998,-0.47582,1.7408,-0.64468,-59.572,-251.64,-0.32166,-2.2892,8.7118,1.3824,-0.021663,-0.57453
-0.66925,-1.2998,0.52418,-0.25919,1.0553,3.4277,113.36,-2.7217,-1.2892,0.7118,-0.4176,-0.021663,-1.111
-1.6692,-0.29981,1.5242,0.74081,3.6553,-25.772,144.36,6.8783,0.91083,5.7118,1.3824,-0.021663,-1.111
1.3308,-1.2998,1.5242,-3.2592,-2.0447,-19.072,161.96,-1.9217,-7.6892,33.712,3.5824,-0.021663,-1.111
-2.6692,-0.29981,1.5242,1.7408,2.7553,34.528,173.46,-0.92166,9.7108,-17.288,-1.8176,-0.021663,-0.15168
2.3308,-0.29981,0.52418,2.7408,-9.0447,-54.172,117.66,-7.1217,2.3108,25.712,2.6824,-0.021663,1.3871
-3.6692,-2.2998,-0.47582,0.74081,0.055319,-29.972,-179.64,7.7783,-4.0892,33.712,3.9824,-0.021663,-1.111
2.3308,-0.29981,0.52418,2.7408,0.95532,70.428,65.06,-1.4217,0.41083,16.712,0.8824,-0.021663,-1.111
-0.66925,0.70019,1.5242,0.74081,3.6553,-25.772,144.36,6.8783,-1.1892,-7.2882,-0.4176,-0.021663,-1.111
1.3308,-1.2998,1.5242,2.7408,1.7553,-5.0723,210.16,0.87834,5.9108,-16.288,-2.2176,-0.021663,1.6162
2.3308,-0.29981,1.5242,-1.2592,-0.94468,174.03,296.06,1.0783,-8.3892,32.712,-0.017602,-0.021663,-1.111
-0.66925,0.70019,1.5242,-0.25919,1.7553,-14.672,191.46,-0.42166,-0.28917,-20.288,1.7824,-0.021663,-1.111
-3.6692,0.70019,1.5242,2.7408,2.8553,38.428,180.66,-0.92166,8.9108,-17.288,-0.9176,-0.021663,3.4552
-2.6692,0.70019,-0.47582,2.7408,3.2553,58.828,-136.14,3.2783,4.5108,-4.2882,2.2824,-0.021663,-1.111
-2.6692,0.70019,0.52418,-0.25919,-3.1447,-33.872,146.86,-4.0217,3.4108,1.7118,-0.017602,-0.021663,-1.111
-0.66925,-0.29981,1.5242,0.74081,1.4553,-11.872,197.36,0.57834,1.9108,-9.2882,0.8824,-0.021663,1.5323
0.33075,0.70019,-4.4758,-0.25919,0.25532,-91.972,-517.34,-1.0217,-7.2892,3.7118,1.3824,-0.021663,-1.111
0.33075,-0.29981,0.52418,-0.25919,4.1553,111.53,150.66,4.8783,1.4108,-2.2882,-1.3176,-0.021663,-1.111
-0.66925,-0.29981,1.5242,0.74081,1.4553,-11.872,197.36,0.57834,-3.4892,8.7118,2.2824,-0.021663,1.0064
-2.6692,0.70019,-1.4758,-0.25919,3.0553,10.828,-197.74,8.9783,3.8108,-4.2882,5.3824,-0.021663,0.32167
-1.6692,-0.29981,1.5242,-2.2592,-6.2447,-37.472,123.96,-5.8217,-0.98917,0.7118,-0.9176,-0.021663,-1.111
-0.66925,-0.29981,1.5242,0.74081,1.4553,-11.872,197.36,0.57834,1.9108,-9.2882,0.8824,-0.021663,-0.29566
2.3308,0.70019,0.52418,-2.2592,5.4553,70.228,123.26,5.2783,8.4108,18.712,0.8824,6.3783,1.3588
-1.6692,-0.29981,1.5242,2.7408,1.7553,13.228,132.76,-0.52166,3.6108,-2.2882,1.3824,-0.021663,-1.111
-3.6692,-2.2998,1.5242,-0.25919,2.2553,26.128,158.46,0.17834,6.5108,-17.288,-1.8176,-0.021663,-1.111
2.3308,-0.29981,0.52418,0.74081,4.1553,116.13,158.76,2.9783,4.4108,-10.288,-0.9176,-0.021663,-1.111
-1.6692,0.70019,1.5242,0.74081,2.8553,38.428,180.66,-0.92166,-1.6892,-1.2882,-0.9176,-0.021663,-1.111
0.33075,-0.29981,-0.47582,-1.2592,3.0553,-9.5723,-89.14,2.8783,0.41083,-5.2882,3.1824,-0.021663,1.0557
3.3308,1.7002,0.52418,-0.25919,4.5553,20.828,30.86,1.3783,1.8108,0.7118,-1.8176,-0.021663,0.15592
3.3308,1.7002,1.5242,-2.2592,0.35532,18.628,144.66,-2.0217,-5.7892,18.712,1.3824,-0.021663,-1.111
-1.6692,-0.29981,-5.4758,1.7408,-6.7447,-102.87,-517.74,-6.4217,-6.1892,3.7118,-2.2176,-0.021663,-1.111
-2.6692,-2.2998,1.5242,1.7408,1.8553,10.228,126.46,-0.42166,-0.68917,1.7118,-2.2176,-0.021663,4.1969
0.33075,1.7002,1.5242,-1.2592,3.6553,-25.772,144.36,6.8783,7.0108,-20.288,-0.017602,-0.021663,-1.111
-3.6692,-2.2998,1.5242,-0.25919,2.2553,26.128,158.46,0.17834,2.6108,-29.288,-3.1176,-0.021663,-1.111
-0.66925,0.70019,-4.4758,-0.25919,0.75532,-80.172,-473.64,-1.5217,-0.68917,-15.288,-0.9176,-0.021663,-1.111
-3.6692,-2.2998,0.52418,-2.2592,0.35532,10.328,13.66,-2.0217,2.7108,-25.288,2.6824,-0.021663,-1.111
2.3308,-0.29981,2.5242,-3.2592,1.0553,-62.372,148.16,2.0783,-2.0892,0.7118,0.4824,-0.021663,0.94694
3.3308,1.7002,1.5242,-0.25919,3.0553,-29.972,137.26,8.8783,4.8108,-19.288,0.4824,-0.021663,-0.35961
-0.66925,0.70019,1.5242,-1.2592,2.2553,22.428,151.66,0.17834,0.51083,-25.288,-2.7176,-0.021663,2.377
2.3308,-0.29981,0.52418,2.7408,0.75532,31.528,53.46,1.5783,-2.5892,15.712,1.3824,-0.021663,-1.111
-0.66925,0.70019,-4.4758,0.74081,-4.7447,-91.372,-490.64,-6.2217,-6.1892,7.7118,2.2824,-0.021663,-1.111
-2.6692,0.70019,0.52418,-2.2592,1.4553,41.728,110.26,5.2783,1.3108,2.7118,-0.017602,-0.021663,0.29752
2.3308,-0.29981,0.52418,1.7408,2.8553,28.528,46.26,11.278,4.8108,-12.288,1.7824,-0.021663,-1.111
-0.66925,-0.29981,0.52418,-1.2592,4.4553,30.428,57.86,8.6783,9.8108,-11.288,-0.017602,-0.021663,-1.111
3.3308,1.7002,1.5242,1.7408,1.8553,10.228,126.46,-0.42166,-1.0892,11.712,-2.2176,-0.021663,-0.029221
-2.6692,0.70019,0.52418,2.7408,-0.44468,-11.272,83.26,-2.7217,0.31083,-0.2882,-1.3176,-0.021663,0.62768
1.3308,1.7002,-0.47582,-3.2592,3.5553,-48.572,-105.04,1.9783,4.1108,-8.2882,-0.9176,-0.021663,-1.111
-0.66925,-0.29981,-0.47582,-2.2592,-11.145,-50.272,-181.24,-7.5217,4.4108,-7.2882,-0.9176,-0.021663,-1.111
2.3308,-0.29981,-0.47582,1.7408,0.95532,-6.6723,-73.04,-0.021663,3.2108,4.7118,-1.3176,-0.021663,-1.111
3.3308,1.7002,0.52418,-3.2592,0.85532,34.528,60.26,1.6783,-10.889,41.712,-1.8176,-0.021663,-1.111
2.3308,0.70019,-4.4758,0.74081,-4.4447,-84.672,-453.64,-3.9217,-10.689,6.7118,2.6824,-0.021663,-1.111
1.3308,0.70019,1.5242,-1.2592,2.2553,22.428,151.66,0.17834,7.5108,-23.288,0.4824,-0.021663,-1.111
-0.66925,-1.2998,-4.4758,-3.2592,-3.0447,-58.672,-444.14,-4.0217,-7.8892,1.7118,1.7824,-0.021663,2.5226
-0.66925,-0.29981,-4.4758,-2.2592,-2.5447,-85.172,-480.34,-5.2217,-4.7892,-1.2882,-1.3176,-0.021663,-1.111
-0.66925,-1.2998,2.5242,2.7408,1.9553,-64.372,143.86,-0.22166,-5.0892,5.7118,-1.3176,-0.021663,-1.111
-0.66925,-0.29981,1.5242,-1.2592,-0.54468,-27.972,187.76,-2.8217,-5.9892,29.712,0.8824,-0.021663,-1.111
1.3308,-1.2998,1.5242,-0.25919,2.1553,8.1277,235.56,-1.5217,0.010832,-10.288,3.1824,-0.021663,2.4546
1.3308,0.70019,0.52418,1.7408,-0.44468,-13.972,76.26,-0.12166,-4.1892,14.712,1.7824,-0.021663,-1.111
2.3308,0.70019,-1.4758,2.7408,2.4553,69.528,-117.14,1.9783,3.3108,3.7118,-2.7176,-0.021663,-1.111
2.3308,-1.2998,2.5242,1.7408,-0.044681,-67.172,138.96,-2.3217,-1.0892,-17.288,-0.017602,-0.021663,-1.111
-3.6692,-1.2998,1.5242,2.7408,0.35532,165.43,277.16,-1.9217,3.0108,-1.2882,-0.017602,-0.021663,3.1623
-0.66925,-0.29981,0.52418,-2.2592,5.4553,70.228,123.26,5.2783,1.8108,24.712,0.8824,0.37834,-1.111
1.3308,0.70019,-4.4758,-0.25919,-5.7447,-92.672,-492.94,-6.0217,-13.589,25.712,0.4824,-0.021663,0.033197
-1.6692,-1.2998,1.5242,1.7408,1.5553,-8.5723,203.56,-0.62166,5.3108,-17.288,-0.9176,-0.021663,0.91449
-2.6692,0.70019,1.5242,-2.2592,0.35532,18.628,144.66,-2.0217,-1.2892,1.7118,-0.9176,-0.021663,0.9734
2.3308,0.70019,1.5242,1.7408,2.1553,-37.672,165.06,13.578,0.41083,-6.2882,-0.017602,-0.021663,-1.111
-2.6692,0.70019,2.5242,2.7408,1.9553,-64.372,143.86,-0.22166,-3.4892,-9.2882,-3.1176,-0.021663,-1.111
2.3308,-0.29981,-0.47582,1.7408,0.95532,-6.6723,-73.04,-0.021663,5.4108,-14.288,-2.2176,-0.021663,-1.111
1.3308,0.70019,-5.4758,-3.2592,-6.5447,-106.27,-501.24,-6.8217,-13.589,23.712,-2.2176,-0.021663,-1.111
-3.6692,-0.29981,0.52418,0.74081,-0.044681,158.93,263.26,-3.5217,3.3108,0.7118,-0.4176,-0.021663,-1.111
3.3308,1.7002,1.5242,-3.2592,0.95532,-2.4723,216.06,-2.8217,3.8108,-9.2882,-1.8176,-0.021663,1.0267
-1.6692,-0.29981,1.5242,-0.25919,0.45532,-22.672,183.76,-0.72166,3.9108,1.7118,-0.017602,-0.021663,0.67237
4.3308,-0.29981,-1.4758,1.7408,-0.14468,-49.772,-295.34,0.37834,5.6108,5.7118,-0.9176,-0.021663,3.1562
-2.6692,-2.2998,-4.4758,2.7408,-1.3447,-59.572,-445.74,0.57834,-13.389,14.712,2.2824,-0.021663,-1.111
1.3308,-1.2998,1.5242,0.74081,1.8553,11.128,241.76,1.1783,0.81083,-5.2882,-1.3176,-0.021663,-1.111
-0.66925,-0.29981,0.52418,-2.2592,1.4553,41.728,110.26,5.2783,0.21083,8.7118,-1.3176,-0.021663,0.57537
1.3308,0.70019,1.5242,0.74081,2.6553,30.328,165.96,4.8783,4.0108,-0.2882,1.3824,-0.021663,-1.111
-2.6692,-0.29981,1.5242,-1.2592,-2.7447,-26.072,177.16,-5.3217,2.9108,-10.288,-1.8176,-0.021663,0.84058
-2.6692,0.70019,-0.47582,1.7408,0.95532,-6.6723,-73.04,-0.021663,-0.18917,8.7118,-2.2176,-0.021663,-1.111
-2.6692,-0.29981,0.52418,-3.2592,1.4553,96.128,124.66,-0.82166,9.0108,-11.288,-1.8176,-0.021663,0.097935
2.3308,-0.29981,-5.4758,2.7408,-6.7447,-102.17,-515.84,-6.9217,-10.089,23.712,-1.8176,-0.021663,1.5316
0.33075,-0.29981,1.5242,1.7408,1.5553,-8.5723,203.56,-0.62166,5.2108,-17.288,-0.9176,-0.021663,-1.111
-3.6692,-2.2998,0.52418,2.7408,0.75532,31.528,53.46,1.5783,0.61083,-5.2882,2.2824,-0.021663,-1.111
-0.66925,-1.2998,0.52418,-1.2592,1.4553,0.32766,106.16,0.57834,1.5108,-2.2882,0.8824,-0.021663,-1.111
3.3308,1.7002,0.52418,-1.2592,-5.0447,-20.472,61.66,-2.4217,-1.4892,5.7118,-0.017602,-0.021663,0.1946
-0.66925,-1.2998,0.52418,-1.2592,3.8553,28.528,141.16,10.978,10.011,-15.288,0.8824,-0.021663,2.8127
-2.6692,0.70019,1.5242,-3.2592,0.25532,15.628,138.56,-2.0217,3.0108,-5.2882,-2.2176,-0.021663,-0.72576
-0.66925,-0.29981,0.52418,-2.2592,4.1553,-2.5723,99.16,7.9783,-2.2892,9.7118,1.3824,-0.021663,-1.111
-0.66925,-1.2998,-0.47582,-0.25919,2.5553,3.5277,12.06,0.47834,11.311,-22.288,0.8824,-0.021663,-1.111
2.3308,-0.29981,1.5242,0.74081,3.6553,-25.772,144.36,6.8783,1.2108,2.7118,0.8824,-0.021663,2.1896
0.33075,-0.29981,1.5242,0.74081,1.4553,-11.872,197.36,0.57834,-8.7892,30.712,-0.4176,-0.021663,0.43866
3.3308,1.7002,-4.4758,0.74081,1.0553,-75.072,-467.14,-1.2217,-1.4892,-20.288,1.3824,-0.021663,-1.111
-2.6692,0.70019,0.52418,-1.2592,4.8553,-10.972,-34.64,4.1783,4.9108,-12.288,1.3824,-0.021663,-0.54005
4.3308,-0.29981,-0.47582,-3.2592,1.6553,-18.772,-105.84,0.77834,3.9108,-17.288,0.4824,-0.021663,-0.14404
2.3308,-0.29981,0.52418,2.7408,4.1553,-2.5723,99.16,7.9783,-2.4892,2.7118,-2.7176,-0.021663,-0.17102
1.3308,0.70019,-1.4758,-3.2592,-0.24468,-17.572,-249.84,-1.5217,0.21083,-5.2882,1.3824,-0.021663,0.39749
0.33075,-0.29981,-4.4758,0.74081,1.0553,-77.572,-470.44,-0.021663,-3.2892,-19.288,2.2824,-0.021663,-1.111
1.3308,0.70019,-1.4758,1.7408,-37.245,-39.872,-314.14,-8.6217,-8.2892,45.712,-1.3176,-0.021663,-1.111
-0.66925,0.70019,0.52418,-0.25919,-1.2447,155.33,255.36,-3.4217,-1.4892,9.7118,-0.9176,-0.021663,-1.111
3.3308,1.7002,0.52418,-2.2592,1.4553,41.728,110.26,5.2783,1.2108,13.712,0.4824,-0.021663,1.2182
1.3308,1.7002,0.52418,-3.2592,5.5553,64.628,113.86,7.7783,5.0108,-2.2882,-1.8176,-0.021663,-1.111
1.3308,0.70019,-4.4758,-3.2592,-3.4447,-95.772,-511.04,-1.9217,-8.6892,0.7118,1.7824,-0.021663,0.31929
-3.6692,-2.2998,0.52418,2.7408,-0.44468,-11.272,83.26,-2.7217,-0.98917,-0.2882,-1.8176,-0.021663,-1.111
-2.6692,0.70019,0.52418,2.7408,0.95532,70.428,65.06,-1.4217,5.9108,-8.2882,-0.017602,-0.021663,0.28769
-0.66925,0.70019,-5.4758,2.7408,-5.6447,-101.87,-491.04,-5.5217,-8.7892,17.712,-2.2176,-0.021663,2.8551
1.3308,-1.2998,1.5242,2.7408,1.0553,-35.272,170.36,-1.2217,-1.1892,-5.2882,-0.4176,-0.021663,-1.111
-0.66925,-0.29981,1.5242,-0.25919,2.2553,26.128,158.46,0.17834,1.9108,-27.288,-2.7176,-0.021663,-1.111
3.3308,-1.2998,1.5242,-2.2592,-6.2447,-37.472,123.96,-5.8217,5.3108,-16.288,-0.4176,-0.021663,-0.43808
-2.6692,-0.29981,1.5242,2.7408,1.7553,-5.0723,210.16,0.87834,-2.8892,0.7118,-2.2176,-0.021663,-1.111
1.3308,0.70019,1.5242,1.7408,-3.5447,180.43,312.66,-5.0217,-1.8892,22.712,0.8824,-0.021663,0.48836
3.3308,1.7002,2.5242,-3.2592,-5.7447,-78.072,116.26,-6.0217,0.21083,-12.288,-0.017602,-0.021663,0.7515
-2.6692,-0.29981,0.52418,-1.2592,3.8553,28.528,141.16,10.978,10.311,-14.288,0.8824,-0.021663,-0.029221
3.3308,1.7002,1.5242,0.74081,0.45532,-19.572,190.16,-1.8217,1.8108,1.7118,-1.3176,-0.021663,2.3288
-0.66925,-0.29981,1.5242,2.7408,1.7553,13.228,132.76,-0.52166,-1.9892,15.712,-2.7176,-0.021663,2.306
1.3308,-1.2998,1.5242,0.74081,3.6553,-25.772,144.36,6.8783,6.5108,-20.288,-0.4176,-0.021663,-1.111
3.3308,1.7002,0.52418,2.7408,4.2553,19.428,39.16,5.0783,12.111,-17.288,1.3824,-0.021663,-1.111
2.3308,-0.29981,2.5242,0.74081,-0.64468,-69.372,134.66,-0.32166,-7.5892,15.712,1.3824,-0.021663,-1.111
-1.6692,0.70019,2.5242,-1.2592,0.75532,-72.972,125.86,-3.8217,-2.9892,1.7118,-0.4176,-0.021663,-1.111
1.3308,-1.2998,1.5242,-3.2592,1.1553,-32.372,176.36,0.17834,2.3108,-12.288,-1.3176,-0.021663,-1.111
-0.66925,0.70019,0.52418,2.7408,1.3553,92.328,116.56,-0.92166,-8.4892,30.712,-3.1176,-0.021663,-1.111
-0.66925,-0.29981,4.5242,-3.2592,-5.2447,-85.472,-198.24,-6.4217,-14.289,-23.288,4.4824,-0.021663,1.2657
-0.66925,1.7002,-4.4758,2.7408,-1.3447,-59.572,-445.74,0.57834,-8.2892,1.7118,0.8824,-0.021663,-1.111
3.3308,1.7002,0.52418,-3.2592,1.6553,-21.972,-52.34,-0.52166,5.2108,-17.288,-0.9176,-0.021663,-1.111
1.3308,-1.2998,1.5242,-2.2592,-0.34468,-30.172,182.26,-2.7217,-0.68917,17.712,0.4824,-0.021663,-1.111
2.3308,-0.29981,1.5242,0.74081,1.7553,7.0277,120.06,3.1783,0.11083,-10.288,1.7824,-0.021663,-0.12148
-3.6692,-1.2998,1.5242,2.7408,1.7553,13.228,132.76,-0.52166,5.0108,-12.288,2.6824,-0.021663,0.73427
3.3308,1.7002,-1.4758,2.7408,-0.24468,-21.372,-257.14,-2.6217,-3.4892,0.7118,-1.8176,-0.021663,-1.111
0.33075,1.7002,-4.4758,1.7408,-0.044681,-60.772,-447.54,-1.2217,-3.7892,19.712,-0.017602,-0.021663,1.5964
3.3308,1.7002,0.52418,1.7408,3.5553,6.3277,33.16,1.9783,5.0108,-3.2882,-1.8176,-0.021663,1.0884
3.3308,1.7002,0.52418,2.7408,0.75532,31.528,53.46,1.5783,0.71083,-3.2882,1.7824,-0.021663,4.1746
1.3308,0.70019,-4.4758,-3.2592,-0.54468,-71.172,-461.34,-2.8217,-3.6892,-17.288,-0.9176,-0.021663,2.3812
1.3308,0.70019,1.5242,1.7408,1.5553,-8.5723,203.56,-0.62166,2.3108,-12.288,-1.8176,-0.021663,-1.111
-2.6692,-0.29981,0.52418,-3.2592,2.9553,-12.972,-5.94,5.3783,9.4108,-12.288,-0.017602,-0.021663,1.1764
2.3308,-0.29981,-0.47582,-3.2592,-1.4447,-6.9723,-116.34,-2.6217,3.7108,12.712,0.8824,-0.021663,4.5221
-3.6692,0.70019,1.5242,-2.2592,0.35532,18.628,144.66,-2.0217,2.7108,-11.288,-1.8176,-0.021663,1.4171
1.3308,0.70019,1.5242,0.74081,-0.34468,179.13,307.36,-1.6217,-8.5892,33.712,-0.017602,-0.021663,1.8491
-3.6692,-2.2998,0.52418,-0.25919,0.35532,52.328,196.46,1.0783,7.8108,-9.2882,-2.2176,-0.021663,0.8059
-2.6692,-0.29981,1.5242,2.7408,-40.245,-64.672,158.66,-8.6217,-6.6892,33.712,2.2824,-0.021663,-1.111
-3.6692,-1.2998,0.52418,0.74081,5.2553,47.128,85.66,2.2783,13.511,-17.288,-1.8176,-0.021663,-1.111
-2.6692,-2.2998,0.52418,-2.2592,4.1553,-2.5723,99.16,7.9783,5.7108,-22.288,0.4824,-0.021663,1.2878
3.3308,1.7002,0.52418,-0.25919,0.95532,137.53,205.86,-2.7217,1.5108,11.712,-1.8176,-0.021663,-1.111
1.3308,-1.2998,-5.4758,2.7408,-5.7447,-83.372,-194.44,-5.6217,-14.689,6.7118,-0.017602,-0.021663,-1.111
3.3308,1.7002,4.5242,-1.2592,-6.6447,-83.072,-193.34,-3.7217,-13.789,16.712,3.9824,-0.021663,1.3896
1.3308,-1.2998,1.5242,-3.2592,0.95532,-2.4723,216.06,-2.8217,4.1108,-10.288,-1.8176,-0.021663,2.9327
-0.66925,1.7002,4.5242,2.7408,-6.2447,-83.672,-194.44,-2.2217,-14.089,12.712,4.4824,-0.021663,1.1896
0.33075,-0.29981,1.5242,0.74081,-0.34468,179.13,307.36,-1.6217,-2.6892,13.712,-0.4176,-0.021663,-1.111
2.3308,-0.29981,2.5242,-2.2592,-0.044681,-75.472,121.16,-2.3217,-0.88917,-11.288,-3.1176,-0.021663,-1.111
1.3308,0.70019,1.5242,-3.2592,0.25532,15.628,138.56,-2.0217,2.4108,-2.2882,-1.8176,-0.021663,-1.111
-2.6692,-2.2998,0.52418,-0.25919,1.0553,3.4277,113.36,-2.7217,-0.28917,-0.2882,0.4824,-0.021663,-1.111
2.3308,-0.29981,1.5242,0.74081,1.4553,-11.872,197.36,0.57834,-0.18917,5.7118,-1.8176,-0.021663,0.83059
0.33075,-0.29981,1.5242,-1.2592,2.2553,22.428,151.66,0.17834,3.0108,-9.2882,-2.2176,-0.021663,0.16154
3.3308,1.7002,-1.4758,-1.2592,0.55532,36.928,-170.74,3.6783,0.71083,-1.2882,0.8824,-0.021663,-1.111
1.3308,-0.29981,0.52418,-0.25919,4.5553,20.828,30.86,1.3783,1.4108,-3.2882,-0.017602,-0.021663,-0.046315
-2.6692,-0.29981,0.52418,2.7408,-9.0447,-54.172,117.66,-7.1217,3.0108,26.712,1.7824,-0.021663,2.9016
1.3308,0.70019,-4.4758,1.7408,1.0553,-75.072,-467.14,-1.2217,-1.4892,-19.288,0.8824,-0.021663,-1.111
3.3308,1.7002,0.52418,1.7408,3.0553,120.23,167.16,-0.62166,0.010832,19.712,0.8824,-0.021663,0.35223
3.3308,-1.2998,1.5242,-0.25919,3.0553,-29.972,137.26,8.8783,4.3108,-18.288,0.8824,-0.021663,2.084
-0.66925,0.70019,1.5242,-3.2592,-2.0447,-19.072,161.96,-1.9217,-1.4892,11.712,1.3824,-0.021663,-1.111
-1.6692,-0.29981,1.5242,2.7408,-0.94468,-20.872,156.46,-4.2217,3.9108,-5.2882,-0.4176,-0.021663,-1.111
-2.6692,-2.2998,-5.4758,1.7408,-11.145,-107.27,-532.64,-7.2217,-14.289,14.712,-3.1176,-0.021663,0.94821
3.3308,1.7002,0.52418,1.7408,1.5553,-29.072,-67.14,2.8783,-2.4892,-1.2882,-0.017602,-0.021663,3.1698
2.3308,-0.29981,0.52418,1.7408,2.8553,28.528,46.26,11.278,-13.789,51.712,1.7824,-0.021663,2.1848
-2.6692,-0.29981,0.52418,-1.2592,1.5553,-19.272,-44.34,0.57834,1.8108,25.712,-1.8176,-0.021663,-0.55141
0.33075,0.70019,-4.4758,1.7408,1.0553,-75.072,-467.14,-1.2217,-3.7892,-17.288,1.3824,-0.021663,-1.111
-1.6692,-0.29981,-0.47582,-1.2592,1.2553,22.728,-27.44,-1.0217,-4.6892,13.712,-0.017602,-0.021663,-1.111
1.3308,0.70019,0.52418,-2.2592,3.6553,20.828,59.16,13.678,0.51083,10.712,-0.017602,-0.021663,-0.95402
1.3308,0.70019,-4.4758,0.74081,0.55532,-62.572,-450.14,3.4783,-4.2892,-18.288,5.3824,-0.021663,0.15027
-3.6692,0.70019,1.5242,1.7408,2.7553,34.528,173.46,-0.92166,10.711,-17.288,-1.3176,-0.021663,-0.21086
-0.66925,-1.2998,-0.47582,2.7408,3.0553,-9.5723,-124.54,5.6783,7.2108,0.7118,-0.017602,-0.021663,1.0124
0.33075,-0.29981,-3.4758,2.7408,0.35532,-96.272,-522.34,3.2783,-1.2892,-17.288,1.7824,-0.021663,-1.111
-3.6692,-0.29981,1.5242,2.7408,-1.0447,-26.772,166.36,-3.3217,0.11083,7.7118,-1.8176,-0.021663,-1.111
4.3308,4.7002,-0.47582,-2.2592,-4.8447,-62.572,-234.54,-5.1217,-0.88917,-2.2882,-1.3176,-0.021663,-0.80354
1.3308,0.70019,-3.4758,-0.25919,-9.1447,-101.77,-492.74,-6.3217,-13.089,9.7118,1.7824,-0.021663,1.368
-0.66925,-0.29981,1.5242,-1.2592,2.2553,22.428,151.66,0.17834,7.5108,-23.288,0.4824,-0.021663,3.3831
1.3308,-0.29981,0.52418,0.74081,4.1553,116.13,158.76,2.9783,4.4108,-10.288,-0.9176,-0.021663,2.2815
-0.66925,-1.2998,0.52418,1.7408,3.5553,6.3277,33.16,1.9783,2.5108,-0.2882,-1.3176,-0.021663,-0.59223
2.3308,-0.29981,1.5242,0.74081,1.7553,7.0277,120.06,3.1783,0.11083,-10.288,1.7824,-0.021663,-1.111
3.3308,0.70019,2.5242,-3.2592,-5.7447,-78.072,116.26,-6.0217,-2.1892,2.7118,0.8824,-0.021663,-1.111
-1.6692,-0.29981,0.52418,-3.2592,0.85532,34.528,60.26,1.6783,-1.7892,-1.2882,1.3824,-0.021663,-1.111
2.3308,-0.29981,0.52418,2.7408,0.75532,31.528,53.46,1.5783,1.2108,-5.2882,1.3824,-0.021663,0.20806
1.3308,0.70019,1.5242,1.7408,0.55532,-16.572,196.46,-0.62166,-2.0892,2.7118,0.8824,-0.021663,1.502
-2.6692,0.70019,0.52418,0.74081,3.2553,24.828,38.76,6.0783,4.6108,-8.2882,1.3824,-0.021663,1.2887
-1.6692,-0.29981,0.52418,-2.2592,1.4553,41.728,110.26,5.2783,2.1108,-12.288,-0.9176,-0.021663,-1.111
1.3308,1.7002,0.52418,1.7408,5.3553,53.128,95.06,4.9783,11.911,-14.288,0.8824,-0.021663,1.1497
-1.6692,0.70019,-4.4758,-3.2592,-3.0447,-58.672,-444.14,-4.0217,-9.8892,4.7118,-1.8176,-0.021663,-1.111
-1.6692,-0.29981,-5.4758,-1.2592,-3.7447,-104.27,-529.24,-5.8217,-10.089,-9.2882,-0.9176,-0.021663,-0.36909
-0.66925,0.70019,1.5242,-0.25919,2.2553,26.128,158.46,0.17834,2.6108,-29.288,-3.1176,-0.021663,1.3789
2.3308,-0.29981,-5.4758,-3.2592,-5.9447,-101.37,-489.64,-4.9217,-11.389,26.712,2.2824,-0.021663,1.2832
4.3308,-0.29981,-0.47582,1.7408,0.95532,-6.6723,-73.04,-0.021663,6.4108,-5.2882,-3.1176,-0.021663,1.0862
-0.66925,-1.2998,1.5242,-0.25919,2.2553,26.128,158.46,0.17834,8.8108,-20.288,-1.8176,-0.021663,-1.111
-1.6692,-0.29981,0.52418,-0.25919,0.95532,137.53,205.86,-2.7217,-2.0892,11.712,-0.9176,-0.021663,-1.111
2.3308,-0.29981,1.5242,-0.25919,-0.94468,176.33,301.36,-2.2217,0.51083,0.7118,-0.4176,-0.021663,-1.111
-3.6692,-0.29981,1.5242,2.7408,0.35532,165.43,277.16,-1.9217,-4.3892,31.712,3.5824,-0.021663,0.43866
4.3308,4.7002,-5.4758,-0.25919,-6.4447,-104.07,-521.34,-1.3217,-12.189,34.712,-0.9176,-0.021663,-1.111
-3.6692,-2.2998,0.52418,0.74081,-0.54468,-2.8723,-18.14,3.4783,-4.1892,21.712,-1.3176,-0.021663,-1.111
-1.6692,-0.29981,0.52418,1.7408,1.1553,60.028,144.36,4.6783,1.7108,14.712,-3.1176,-0.021663,-1.111
-0.66925,-0.29981,1.5242,1.7408,0.55532,13.528,247.36,-0.52166,-1.7892,-3.2882,-1.8176,-0.021663,1.392
-2.6692,-0.29981,0.52418,2.7408,1.3553,92.328,116.56,-0.92166,6.0108,-2.2882,1.3824,-0.021663,0.12445
3.3308,0.70019,1.5242,2.7408,-0.94468,-20.872,156.46,-4.2217,-1.0892,22.712,-1.8176,-0.021663,-0.0090857
1.3308,0.70019,0.52418,-2.2592,5.4553,70.228,123.26,5.2783,14.411,-18.288,-1.3176,-0.021663,2.6156
-1.6692,-0.29981,0.52418,2.7408,0.75532,31.528,53.46,1.5783,0.91083,-5.2882,1.3824,-0.021663,-1.111
-3.6692,-1.2998,1.5242,-3.2592,-2.0447,-19.072,161.96,-1.9217,-6.4892,28.712,2.2824,-0.021663,2.3332
1.3308,-1.2998,3.5242,-2.2592,-11.145,-107.87,-441.24,-7.9217,-7.0892,-13.288,0.4824,-0.021663,-1.111
1.3308,0.70019,1.5242,-1.2592,1.9553,4.5277,229.16,-0.22166,5.4108,-17.288,0.8824,-0.021663,-1.111
-0.66925,0.70019,1.5242,-0.25919,2.2553,26.128,158.46,0.17834,3.2108,-10.288,-2.2176,-0.021663,1.6343
-3.6692,-0.29981,0.52418,0.74081,-0.14468,85.928,101.96,7.2783,-7.0892,43.712,0.8824,-0.021663,1.2602
-2.6692,-2.2998,-5.4758,0.74081,-4.0447,-97.672,-504.94,-3.7217,-6.5892,6.7118,-3.1176,-0.021663,-1.111
3.3308,-1.2998,-1.4758,-3.2592,-2.4447,-14.672,-318.94,-4.3217,-4.5892,34.712,-0.017602,-0.021663,-0.032616
-3.6692,-0.29981,0.52418,1.7408,3.7553,35.128,66.76,2.2783,6.7108,-2.2882,-0.017602,-0.021663,-1.111
1.3308,0.70019,1.5242,-2.2592,1.2553,0.82766,222.36,-2.5217,0.71083,0.7118,-0.9176,-0.021663,1.9349
1.3308,-0.29981,1.5242,-2.2592,0.35532,18.628,144.66,-2.0217,-0.18917,-1.2882,-1.3176,-0.021663,3.5371
-0.66925,-1.2998,0.52418,-1.2592,1.4553,0.32766,106.16,0.57834,1.5108,-2.2882,0.8824,-0.021663,-1.111
1.3308,0.70019,-1.4758,-3.2592,-0.24468,-17.572,-249.84,-1.5217,1.8108,-19.288,0.8824,-0.021663,-1.111
3.3308,1.7002,0.52418,-1.2592,2.4553,46.428,118.76,4.4783,9.8108,-16.288,-1.3176,-0.021663,-1.111
-2.6692,-0.29981,0.52418,0.74081,0.35532,56.028,204.66,-1.9217,7.0108,-3.2882,-0.4176,-0.021663,-1.111
-2.6692,-0.29981,0.52418,-1.2592,1.4553,0.32766,106.16,0.57834,1.6108,-9.2882,-0.017602,-0.021663,-0.14025
1.3308,0.70019,0.52418,0.74081,0.35532,56.028,204.66,-1.9217,-0.68917,17.712,1.3824,-0.021663,-0.75335
0.33075,-0.29981,0.52418,2.7408,2.9553,124.23,175.16,1.0783,5.2108,5.7118,-0.017602,-0.021663,-1.111
-1.6692,-0.29981,1.5242,2.7408,-0.14468,-14.172,202.56,2.3783,1.7108,10.712,1.3824,-0.021663,2.1312
-0.66925,-0.29981,0.52418,-1.2592,4.4553,30.428,57.86,8.6783,1.7108,13.712,-2.7176,-0.021663,-1.111
-1.6692,-0.29981,0.52418,-1.2592,2.4553,46.428,118.76,4.4783,2.8108,-4.2882,-3.6176,-0.021663,0.13313
-1.6692,-0.29981,0.52418,0.74081,0.95532,1.5277,25.06,-0.12166,-7.6892,39.712,3.5824,-0.021663,0.34759
2.3308,1.7002,-0.47582,-2.2592,2.4553,69.528,-117.14,1.9783,8.0108,-16.288,1.3824,-0.021663,3.36
-0.66925,-1.2998,0.52418,2.7408,-0.44468,-11.272,83.26,-2.7217,2.6108,-10.288,-1.8176,-0.021663,-1.111
0.33075,-0.29981,1.5242,0.74081,1.4553,-11.872,197.36,0.57834,-8.7892,30.712,-0.4176,-0.021663,-1.111
-3.6692,-1.2998,0.52418,0.74081,5.2553,47.128,85.66,2.2783,8.6108,-15.288,0.4824,-0.021663,2.6804
-0.66925,1.7002,1.5242,-0.25919,3.0553,-29.972,137.26,8.8783,-1.2892,-2.2882,-0.9176,-0.021663,-1.111
-1.6692,-0.29981,1.5242,2.7408,-1.0447,-26.772,166.36,-3.3217,4.9108,-9.2882,-0.4176,-0.021663,0.71029
-2.6692,-0.29981,0.52418,0.74081,0.95532,1.5277,25.06,-0.12166,2.5108,-2.2882,-0.9176,-0.021663,0.5472
1.3308,0.70019,-3.4758,-0.25919,-9.1447,-101.77,-492.74,-6.3217,-13.089,9.7118,1.7824,-0.021663,0.61352
0.33075,-0.29981,-5.4758,2.7408,-3.8447,-95.272,-499.64,-5.1217,-6.4892,8.7118,-1.8176,-0.021663,0.88775
2.3308,-0.29981,-5.4758,0.74081,-6.0447,-107.67,-504.34,-5.7217,-10.689,8.7118,5.3824,-0.021663,0.61531
-0.66925,-0.29981,4.5242,-3.2592,-5.2447,-85.472,-198.24,-6.4217,-14.289,-23.288,4.4824,-0.021663,2.0258
1.3308,0.70019,0.52418,-1.2592,2.4553,46.428,118.76,4.4783,3.2108,-7.2882,-0.4176,-0.021663,-0.92041
0.33075,-0.29981,1.5242,-3.2592,1.1553,-32.372,176.36,0.17834,0.21083,-6.2882,-1.3176,-0.021663,-1.111
-2.6692,-2.2998,0.52418,-1.2592,1.4553,0.32766,106.16,0.57834,-0.48917,0.7118,-0.4176,-0.021663,-0.14404
1.3308,-1.2998,-5.4758,0.74081,-6.5447,-103.57,-495.14,-6.3217,-4.1892,-2.2882,-1.3176,-0.021663,-1.111
-0.66925,-1.2998,1.5242,0.74081,1.8553,11.128,241.76,1.1783,-1.5892,0.7118,-0.017602,-0.021663,0.48634
2.3308,-0.29981,1.5242,0.74081,-2.4447,-55.672,184.36,2.5783,-3.6892,19.712,-0.9176,-0.021663,-0.69232
-3.6692,-0.29981,1.5242,-0.25919,2.1553,8.1277,235.56,-1.5217,-2.0892,-16.288,-0.017602,-0.021663,0.99433
-0.66925,-0.29981,2.5242,1.7408,-0.044681,-67.172,138.96,-2.3217,-0.48917,-19.288,-0.9176,-0.021663,2.117
2.3308,-0.29981,0.52418,1.7408,-0.44468,0.02766,-10.54,-2.8217,0.61083,-1.2882,1.7824,-0.021663,-1.111
-0.66925,-0.29981,-4.4758,-3.2592,-3.0447,-58.672,-444.14,-4.0217,-7.8892,1.7118,1.7824,-0.021663,-1.111
-0.66925,-1.2998,0.52418,2.7408,-9.0447,-54.172,117.66,-7.1217,8.9108,-12.288,-1.3176,-0.021663,0.89585
-0.66925,-1.2998,1.5242,-2.2592,-0.34468,-30.172,182.26,-2.7217,-1.0892,18.712,0.8824,-0.021663,-1.111
1.3308,0.70019,0.52418,-1.2592,5.3553,16.228,22.56,7.4783,4.5108,-11.288,0.4824,-0.021663,0.14459
-3.6692,-2.2998,0.52418,1.7408,3.0553,120.23,167.16,-0.62166,7.0108,-12.288,-0.9176,-0.021663,-1.111
1.3308,-1.2998,2.5242,-2.2592,-0.044681,-75.472,121.16,-2.3217,2.8108,-20.288,0.4824,-0.021663,-1.111
-2.6692,-0.29981,1.5242,-3.2592,-27.145,-40.072,117.36,-8.2217,3.7108,-6.2882,-0.4176,-0.021663,1.4002
3.3308,1.7002,0.52418,-0.25919,4.1553,111.53,150.66,4.8783,5.0108,-6.2882,2.6824,-0.021663,-1.111
-2.6692,0.70019,-0.47582,1.7408,0.15532,-26.172,-171.34,-3.4217,4.9108,6.7118,-2.2176,-0.021663,-1.111
1.3308,-0.29981,1.5242,-2.2592,0.35532,18.628,144.66,-2.0217,-0.58917,-4.2882,-1.3176,-0.021663,-1.111
-2.6692,-0.29981,0.52418,2.7408,1.1553,64.228,152.76,4.7783,3.5108,9.7118,3.5824,-0.021663,0.24223
2.3308,-0.29981,1.5242,2.7408,1.7553,-5.0723,210.16,0.87834,6.4108,-17.288,-1.3176,-0.021663,-1.111
4.3308,4.7002,-5.4758,0.74081,-4.0447,-97.672,-504.94,-3.7217,-3.1892,-1.2882,-0.9176,-0.021663,-1.111
-2.6692,-2.2998,0.52418,-2.2592,4.1553,-2.5723,99.16,7.9783,5.7108,-22.288,0.4824,-0.021663,1.1621
-1.6692,-0.29981,-4.4758,-3.2592,-0.54468,-71.172,-461.34,-2.8217,-8.2892,-14.288,-0.017602,-0.021663,-1.111
-1.6692,1.7002,1.5242,-3.2592,0.25532,15.628,138.56,-2.0217,-3.2892,21.712,-0.9176,-0.021663,-1.111
-0.66925,-0.29981,-3.4758,0.74081,-7.6447,-87.572,-462.64,-6.7217,-2.1892,-24.288,-0.9176,-0.021663,-1.111
-2.6692,0.70019,1.5242,-1.2592,-0.54468,-27.972,187.76,-2.8217,-0.58917,0.7118,-1.8176,-0.021663,0.66053
0.33075,-0.29981,-5.4758,0.74081,-5.4447,-105.97,-532.14,-2.7217,-11.389,1.7118,3.9824,-0.021663,2.1174
-1.6692,-0.29981,-4.4758,-2.2592,-2.5447,-85.172,-480.34,-5.2217,-3.0892,-17.288,3.5824,-0.021663,-1.111
-1.6692,-0.29981,-4.4758,0.74081,1.0553,-77.572,-470.44,-0.021663,-0.089168,-26.288,0.4824,-0.021663,-1.111
0.33075,-0.29981,0.52418,-2.2592,4.4553,30.428,57.86,8.6783,5.2108,-1.2882,2.2824,-0.021663,-0.012413
-0.66925,-1.2998,-2.4758,0.74081,-1.0447,-85.472,-474.24,-3.3217,-0.88917,-4.2882,-0.017602,-0.021663,2.5648
-0.66925,-0.29981,1.5242,-0.25919,1.7553,-14.672,191.46,-0.42166,0.31083,-20.288,0.8824,-0.021663,0.45341
2.3308,-0.29981,1.5242,0.74081,1.4553,-11.872,197.36,0.57834,0.91083,2.7118,-1.3176,-0.021663,-0.11039
-1.6692,0.70019,1.5242,-0.25919,0.055319,26.028,274.86,-2.2217,-5.9892,-5.2882,-1.3176,-0.021663,0.045855
-2.6692,0.70019,0.52418,-0.25919,4.5553,20.828,30.86,1.3783,5.3108,-16.288,-1.3176,-0.021663,1.159
-2.6692,0.70019,0.52418,2.7408,4.2553,19.428,39.16,5.0783,14.211,-19.288,-0.017602,-0.021663,2.2006
-2.6692,-0.29981,1.5242,1.7408,1.8553,10.228,126.46,-0.42166,5.2108,-15.288,0.4824,-0.021663,-1.111
4.3308,0.70019,-1.4758,-1.2592,2.6553,-61.372,-250.24,4.9783,9.1108,-10.288,0.4824,-0.021663,-1.111
-3.6692,-2.2998,1.5242,-2.2592,0.35532,18.628,144.66,-2.0217,-0.089168,-4.2882,-1.8176,-0.021663,4.2544
-0.66925,1.7002,-5.4758,1.7408,-22.445,-89.372,-460.74,-8.2217,-3.4892,-4.2882,-1.3176,-0.021663,-1.111
2.3308,-0.29981,0.52418,-0.25919,1.2553,-1.6723,17.56,-1.0217,2.5108,-6.2882,-1.3176,-0.021663,-0.18677
-1.6692,0.70019,0.52418,1.7408,2.8553,28.528,46.26,11.278,-1.2892,7.7118,1.7824,-0.021663,-1.111
3.3308,1.7002,1.5242,-3.2592,0.85532,19.228,259.16,-1.5217,-2.9892,6.7118,0.4824,-0.021663,0.045855
-1.6692,-0.29981,0.52418,2.7408,0.75532,31.528,53.46,1.5783,0.91083,-5.2882,1.3824,-0.021663,-1.111
1.3308,0.70019,-4.4758,-0.25919,0.65532,-90.272,-504.44,-0.52166,-5.5892,-17.288,-0.4176,-0.021663,0.91844
-3.6692,-0.29981,0.52418,-1.2592,1.0553,80.528,87.96,-1.2217,1.0108,5.7118,-0.017602,-0.021663,3.3168
-0.66925,0.70019,-4.4758,0.74081,0.55532,-62.572,-450.14,3.4783,-3.0892,-17.288,3.5824,-0.021663,-1.111
-2.6692,-0.29981,-6.4758,1.7408,-8.5447,-107.17,-538.64,-6.1217,-13.589,33.712,-0.9176,-0.021663,-1.111
3.3308,1.7002,0.52418,1.7408,3.0553,120.23,167.16,-0.62166,0.010832,19.712,0.8824,-0.021663,-1.111
4.3308,0.70019,-1.4758,-1.2592,2.6553,-61.372,-250.24,4.9783,9.1108,-10.288,0.4824,-0.021663,1.1038
2.3308,-0.29981,-0.47582,2.7408,3.0553,-9.5723,-124.54,5.6783,-0.68917,37.712,0.4824,-0.021663,0.055245
3.3308,1.7002,-0.47582,-2.2592,1.6553,-22.072,-107.04,-0.52166,-1.7892,22.712,-0.4176,-0.021663,0.91317
-0.66925,0.70019,1.5242,-2.2592,0.45532,21.428,264.16,3.4783,-2.9892,-6.2882,1.3824,-0.021663,-0.099425
-2.6692,-2.2998,0.52418,-0.25919,0.95532,137.53,205.86,-2.7217,1.5108,11.712,-1.8176,-0.021663,-1.111
2.3308,-0.29981,1.5242,-1.2592,-0.54468,-27.972,187.76,-2.8217,-3.4892,12.712,0.4824,-0.021663,2.5451
-0.66925,-0.29981,1.5242,1.7408,1.8553,-22.872,150.66,-1.9217,0.71083,3.7118,-1.3176,-0.021663,-1.111
1.3308,-1.2998,0.52418,0.74081,0.45532,30.228,81.16,-1.9217,0.41083,-5.2882,-0.4176,-0.021663,-0.17102
-2.6692,-2.2998,0.52418,-2.2592,1.4553,41.728,110.26,5.2783,2.9108,11.712,-0.9176,-0.021663,-0.69232
2.3308,-0.29981,-0.47582,1.7408,0.95532,-6.6723,-73.04,-0.021663,5.3108,-12.288,-2.2176,-0.021663,-1.111
2.3308,0.70019,0.52418,-2.2592,5.4553,70.228,123.26,5.2783,2.7108,20.712,0.8824,0.77834,-1.111
3.3308,1.7002,0.52418,2.7408,-0.44468,-11.272,83.26,-2.7217,-2.6892,14.712,-0.9176,-0.021663,2.3876
-0.66925,1.7002,4.5242,0.74081,-5.9447,-84.172,-195.34,-4.9217,-16.689,14.712,0.8824,-0.021663,1.2182
1.3308,-1.2998,-3.4758,2.7408,0.35532,-96.272,-522.34,3.2783,-5.1892,-11.288,5.3824,-0.021663,3.0182
-2.6692,-0.29981,0.52418,-2.2592,4.1553,-2.5723,99.16,7.9783,1.2108,-4.2882,-0.017602,-0.021663,-1.111
2.3308,-0.29981,-4.4758,2.7408,0.055319,-66.872,-455.54,-3.5217,-7.3892,15.712,-0.017602,-0.021663,1.1125
-3.6692,-0.29981,-0.47582,-2.2592,1.6553,-14.672,-97.74,3.0783,4.5108,-13.288,1.3824,-0.021663,-1.111
2.3308,-0.29981,1.5242,-3.2592,0.25532,15.628,138.56,-2.0217,0.51083,3.7118,-2.7176,-0.021663,-1.111
-2.6692,0.70019,0.52418,1.7408,3.0553,120.23,167.16,-0.62166,0.010832,19.712,0.8824,-0.021663,-1.111
-3.6692,-1.2998,0.52418,-0.25919,4.1553,111.53,150.66,4.8783,7.3108,-10.288,1.7824,-0.021663,-1.111
-2.6692,-2.2998,0.52418,2.7408,-0.44468,-11.272,83.26,-2.7217,1.9108,-11.288,-1.3176,-0.021663,-1.111
-2.6692,-2.2998,0.52418,-3.2592,0.45532,-7.6723,90.86,-3.2217,4.2108,-13.288,-0.9176,-0.021663,-1.111
1.3308,-1.2998,1.5242,-3.2592,0.85532,19.228,259.16,-1.5217,-6.6892,21.712,0.8824,-0.021663,0.84907
0.33075,-0.29981,1.5242,0.74081,1.4553,-11.872,197.36,0.57834,-6.0892,19.712,-0.4176,-0.021663,-0.14025
1.3308,-1.2998,1.5242,0.74081,1.8553,11.128,241.76,1.1783,-2.9892,10.712,-0.4176,-0.021663,-1.111
-1.6692,-0.29981,-4.4758,1.7408,-21.645,-108.47,-532.44,-8.3217,-1.4892,-20.288,1.3824,-0.021663,-1.111
-2.6692,0.70019,1.5242,0.74081,-0.34468,179.13,307.36,-1.6217,-2.6892,13.712,-0.4176,-0.021663,1.2832
1.3308,0.70019,-3.4758,-3.2592,-2.7447,-85.972,-506.34,-5.3217,-7.9892,19.712,-0.9176,-0.021663,0.35915
1.3308,0.70019,0.52418,2.7408,1.3553,92.328,116.56,-0.92166,0.21083,25.712,-1.8176,-0.021663,-1.111
1.3308,0.70019,1.5242,-0.25919,2.1553,8.1277,235.56,-1.5217,-2.0892,-16.288,-0.017602,-0.021663,-0.41289
3.3308,1.7002,0.52418,0.74081,-0.54468,-2.8723,-18.14,3.4783,2.3108,6.7118,4.8824,-0.021663,-0.63479
-2.6692,-1.2998,1.5242,-3.2592,0.95532,-2.4723,216.06,-2.8217,-0.88917,6.7118,1.3824,-0.021663,-1.111
-2.6692,-0.29981,1.5242,-3.2592,0.95532,-2.4723,216.06,-2.8217,1.5108,-3.2882,-2.2176,-0.021663,-0.20681
-3.6692,-2.2998,0.52418,-0.25919,1.0553,3.4277,113.36,-2.7217,1.3108,0.7118,-0.4176,-0.021663,-1.111
3.3308,1.7002,0.52418,0.74081,3.2553,24.828,38.76,6.0783,1.9108,-10.288,0.8824,-0.021663,0.9634
-1.6692,-0.29981,1.5242,0.74081,1.4553,-11.872,197.36,0.57834,-1.4892,12.712,0.4824,-0.021663,-1.111
-0.66925,-1.2998,-0.47582,-0.25919,2.8553,-25.572,-152.94,0.87834,8.3108,-16.288,-2.7176,-0.021663,-0.095795
-1.6692,-0.29981,0.52418,2.7408,0.95532,70.428,65.06,-1.4217,5.7108,-0.2882,-0.017602,-0.021663,0.32406
1.3308,-1.2998,-3.4758,-1.2592,-2.6447,-93.672,-504.44,-5.2217,-3.6892,6.7118,-1.3176,-0.021663,-1.111
-2.6692,-2.2998,0.52418,1.7408,3.0553,120.23,167.16,-0.62166,3.0108,-2.2882,-1.8176,-0.021663,4.0574
0.33075,-0.29981,0.52418,-2.2592,4.4553,30.428,57.86,8.6783,7.5108,-10.288,-0.4176,-0.021663,1.7454
3.3308,1.7002,0.52418,-1.2592,4.5553,106.83,142.06,8.9783,9.3108,-15.288,-2.2176,-0.021663,0.81468
3.3308,1.7002,-4.4758,2.7408,-1.3447,-59.572,-445.74,0.57834,-7.3892,-5.2882,1.7824,-0.021663,0.99189
-0.66925,0.70019,-5.4758,1.7408,-5.9447,-102.67,-492.94,-6.1217,-4.6892,1.7118,-0.017602,-0.021663,-1.111
1.3308,0.70019,-4.4758,-0.25919,0.25532,-91.972,-517.34,-1.0217,-10.189,6.7118,1.7824,-0.021663,-1.111
-0.66925,-0.29981,0.52418,-2.2592,4.4553,30.428,57.86,8.6783,0.51083,26.712,3.5824,-0.021663,2.7539
-1.6692,-0.29981,0.52418,-3.2592,0.85532,34.528,60.26,1.6783,-8.5892,29.712,-1.8176,-0.021663,-1.111
3.3308,1.7002,2.5242,-1.2592,0.75532,-72.972,125.86,-3.8217,1.3108,-7.2882,-1.3176,-0.021663,1.5768
-0.66925,-1.2998,1.5242,-3.2592,0.95532,-2.4723,216.06,-2.8217,-9.0892,41.712,-2.2176,-0.021663,-1.111
3.3308,-0.29981,0.52418,1.7408,0.95532,162.93,271.16,-1.3217,2.4108,-0.2882,0.4824,-0.021663,1.4677
-1.6692,-0.29981,-4.4758,-1.2592,-0.44468,-92.372,-506.84,-1.7217,-7.6892,-3.2882,1.3824,-0.021663,0.76844
-2.6692,-0.29981,-4.4758,-2.2592,2.7553,-95.872,-522.34,2.3783,-3.6892,-25.288,3.5824,-0.021663,-1.111
-1.6692,-0.29981,-4.4758,1.7408,1.0553,-75.072,-467.14,-1.2217,-3.6892,-17.288,0.8824,-0.021663,-1.111
0.33075,1.7002,1.5242,-3.2592,0.25532,15.628,138.56,-2.0217,-4.1892,25.712,-0.4176,-0.021663,-1.111
1.3308,0.70019,0.52418,0.74081,-27.145,-40.072,117.36,-8.2217,-1.8892,27.712,2.6824,-0.021663,-1.111
1.3308,-1.2998,1.5242,1.7408,2.7553,34.528,173.46,-0.92166,11.311,-20.288,-1.3176,-0.021663,-1.111
-3.6692,-0.29981,1.5242,0.74081,1.8553,11.128,241.76,1.1783,2.2108,-5.2882,-1.8176,-0.021663,1.0994
-0.66925,-0.29981,1.5242,-1.2592,1.9553,4.5277,229.16,-0.22166,0.81083,-3.2882,-2.2176,-0.021663,-0.16324
-2.6692,-0.29981,0.52418,2.7408,3.5553,11.428,41.96,3.8783,-3.4892,21.712,-0.017602,-0.021663,1.2986
2.3308,-0.29981,2.5242,1.7408,-0.044681,-67.172,138.96,-2.3217,-4.2892,-11.288,-2.7176,-0.021663,-1.111
-1.6692,-0.29981,0.52418,2.7408,1.1553,64.228,152.76,4.7783,7.9108,-6.2882,2.2824,-0.021663,-0.54571
3.3308,1.7002,-4.4758,0.74081,1.0553,-77.572,-470.44,-0.021663,-10.589,52.712,-0.017602,0.17834,-1.111
-1.6692,-0.29981,-4.4758,-1.2592,2.7553,-93.572,-519.64,0.87834,-9.9892,-9.2882,3.9824,-0.021663,-1.111
2.3308,-0.29981,0.52418,1.7408,1.1553,60.028,144.36,4.6783,4.8108,-4.2882,-2.2176,-0.021663,-0.24393
-0.66925,0.70019,-0.47582,0.74081,0.95532,-10.672,-81.64,-2.7217,4.0108,-4.2882,-2.7176,-0.021663,0.18096
-0.66925,0.70019,1.5242,1.7408,1.8553,-22.872,150.66,-1.9217,1.4108,0.7118,-0.9176,-0.021663,-1.111
1.3308,0.70019,1.5242,1.7408,1.5553,-8.5723,203.56,-0.62166,0.81083,-9.2882,-2.2176,-0.021663,-1.111
-3.6692,-1.2998,-4.4758,-3.2592,-3.0447,-58.672,-444.14,-4.0217,-10.589,27.712,-0.9176,-0.021663,-1.111
-0.66925,1.7002,-4.4758,-3.2592,-3.4447,-86.972,-483.24,-4.9217,-4.8892,-5.2882,-0.9176,-0.021663,-1.111
3.3308,1.7002,0.52418,-2.2592,5.4553,70.228,123.26,5.2783,2.7108,20.712,0.8824,0.77834,-1.111
1.3308,0.70019,1.5242,-0.25919,-2.5447,-57.572,178.96,-3.6217,-5.1892,11.712,-2.2176,-0.021663,0.57907
-0.66925,0.70019,1.5242,-1.2592,2.2553,22.428,151.66,0.17834,5.4108,-19.288,-0.017602,-0.021663,1.2317
-2.6692,-2.2998,0.52418,1.7408,2.8553,28.528,46.26,11.278,4.0108,-13.288,3.1824,-0.021663,1.6893
-0.66925,-0.29981,0.52418,-2.2592,3.0553,-8.6723,2.36,5.5783,3.2108,9.7118,3.5824,-0.021663,-0.52881
0.33075,-0.29981,0.52418,0.74081,0.35532,56.028,204.66,-1.9217,2.2108,26.712,3.5824,1.3783,0.042706
-1.6692,-0.29981,-4.4758,1.7408,1.0553,-75.072,-467.14,-1.2217,-7.2892,-14.288,2.2824,-0.021663,-1.111
1.3308,0.70019,1.5242,1.7408,0.55532,-16.572,196.46,-0.62166,-3.4892,12.712,0.8824,-0.021663,2.5866
1.3308,0.70019,-4.4758,2.7408,-0.54468,-73.272,-464.24,-1.8217,-6.4892,9.7118,-0.4176,-0.021663,1.4616
-0.66925,0.70019,0.52418,2.7408,-0.44468,-11.272,83.26,-2.7217,2.5108,-11.288,-0.9176,-0.021663,-1.111
1.3308,0.70019,1.5242,-0.25919,2.1553,8.1277,235.56,-1.5217,2.7108,-17.288,-1.8176,-0.021663,-1.111
1.3308,0.70019,0.52418,-1.2592,1.4553,0.32766,106.16,0.57834,-2.2892,2.7118,-3.1176,-0.021663,0.079862
1.3308,0.70019,-4.4758,0.74081,0.55532,-62.572,-450.14,3.4783,-7.1892,-11.288,-0.017602,-0.021663,1.1201
-2.6692,-0.29981,0.52418,-0.25919,0.95532,137.53,205.86,-2.7217,-2.2892,14.712,-1.3176,-0.021663,-1.111
0.33075,-0.29981,1.5242,-0.25919,2.1553,8.1277,235.56,-1.5217,2.7108,-16.288,2.2824,-0.021663,0.57722
1.3308,-1.2998,0.52418,-0.25919,0.95532,27.228,73.76,-2.7217,0.010832,-3.2882,-0.9176,-0.021663,1.3173
1.3308,0.70019,4.5242,-2.2592,-5.2447,-85.472,-198.24,-6.4217,-13.789,-20.288,4.4824,-0.021663,2.1382
4.3308,4.7002,-0.47582,2.7408,-0.54468,-42.272,-192.74,-1.8217,5.9108,-15.288,-1.8176,-0.021663,-0.25236
-2.6692,-2.2998,0.52418,-0.25919,2.3553,-35.572,-81.34,-1.3217,-0.089168,-9.2882,0.8824,-0.021663,-1.111
2.3308,0.70019,-3.4758,2.7408,-8.7447,-107.87,-540.04,-5.5217,-5.4892,30.712,-2.2176,-0.021663,-1.111
-1.6692,-0.29981,2.5242,2.7408,1.9553,-64.372,143.86,-0.22166,1.7108,-20.288,1.3824,-0.021663,-1.111
3.3308,1.7002,-4.4758,2.7408,-1.3447,-59.572,-445.74,0.57834,-7.4892,54.712,-2.2176,-0.021663,-1.111
2.3308,-0.29981,1.5242,0.74081,1.4553,-11.872,197.36,0.57834,1.7108,-1.2882,-0.4176,-0.021663,-0.0024631
-2.6692,-0.29981,0.52418,2.7408,2.9553,124.23,175.16,1.0783,2.0108,21.712,0.8824,-0.021663,1.6826
-0.66925,0.70019,1.5242,2.7408,0.35532,165.43,277.16,-1.9217,-5.0892,32.712,3.5824,-0.021663,-1.111
2.3308,-0.29981,1.5242,2.7408,0.35532,165.43,277.16,-1.9217,-5.0892,32.712,3.5824,-0.021663,1.3789
3.3308,1.7002,0.52418,-0.25919,0.055319,83.228,95.06,-2.2217,-2.6892,18.712,-1.3176,-0.021663,1.7414
-1.6692,-0.29981,1.5242,-1.2592,0.55532,23.828,269.56,-1.8217,-0.38917,-14.288,-1.3176,-0.021663,-1.111
-0.66925,-0.29981,1.5242,2.7408,-0.94468,-20.872,156.46,-4.2217,-1.0892,19.712,-2.7176,-0.021663,-1.111
-0.66925,1.7002,4.5242,-0.25919,-6.0447,-84.472,-195.94,-7.0217,-13.789,16.712,0.8824,-0.021663,0.74214
-2.6692,-2.2998,-0.47582,0.74081,-2.3447,39.428,-238.04,-2.2217,-5.4892,34.712,-0.4176,-0.021663,2.5271
-1.6692,-0.29981,1.5242,-3.2592,1.1553,-32.372,176.36,0.17834,0.010832,-9.2882,-1.3176,-0.021663,-1.111
-0.66925,0.70019,-4.4758,0.74081,1.0553,-77.572,-470.44,-0.021663,-1.6892,-18.288,0.4824,-0.021663,-1.111
-3.6692,-2.2998,0.52418,0.74081,0.35532,56.028,204.66,-1.9217,7.0108,-3.2882,-0.4176,-0.021663,-1.111
-0.66925,-0.29981,1.5242,2.7408,2.8553,38.428,180.66,-0.92166,4.0108,-5.2882,0.8824,-0.021663,2.792
-1.6692,-0.29981,4.5242,-3.2592,-5.2447,-85.472,-198.24,-6.4217,-14.289,-23.288,4.4824,-0.021663,1.3511
-0.66925,-0.29981,-4.4758,1.7408,1.0553,-75.072,-467.14,-1.2217,-1.8892,-17.288,0.8824,-0.021663,2.2788
2.3308,-0.29981,1.5242,2.7408,-1.0447,-26.772,166.36,-3.3217,-1.7892,8.7118,1.3824,-0.021663,-0.76744
-2.6692,-0.29981,1.5242,2.7408,1.7553,-5.0723,210.16,0.87834,6.0108,-17.288,-1.8176,-0.021663,-1.111
3.3308,1.7002,0.52418,-2.2592,-1.8447,36.428,66.56,-0.021663,-4.4892,21.712,1.3824,-0.021663,0.71835
1.3308,-0.29981,-4.4758,-1.2592,-1.4447,-82.972,-477.14,-2.7217,-2.9892,-9.2882,-0.017602,-0.021663,-1.111
3.3308,3.7002,0.52418,-1.2592,1.0553,80.528,87.96,-1.2217,7.3108,-8.2882,0.4824,-0.021663,4.1188
-1.6692,-0.29981,-0.47582,-3.2592,3.9553,49.128,19.26,7.6783,-0.98917,3.7118,-1.3176,-0.021663,-1.111
-2.6692,-2.2998,-4.4758,2.7408,-1.3447,-59.572,-445.74,0.57834,-7.3892,-5.2882,1.7824,-0.021663,-1.111
1.3308,-1.2998,1.5242,-3.2592,0.85532,19.228,259.16,-1.5217,1.7108,-7.2882,-2.2176,-0.021663,-1.111
-0.66925,-0.29981,-4.4758,-3.2592,-3.4447,-86.972,-483.24,-4.9217,-7.0892,-9.2882,-2.2176,-0.021663,-1.111
1.3308,-1.2998,1.5242,0.74081,-2.0447,-41.172,158.86,-3.2217,1.7108,-7.2882,-2.2176,-0.021663,-1.111
-1.6692,-0.29981,1.5242,-2.2592,0.35532,18.628,144.66,-2.0217,-4.9892,14.712,2.2824,-0.021663,1.3937
-3.6692,-2.2998,0.52418,-1.2592,1.4553,0.32766,106.16,0.57834,-2.2892,2.7118,-3.1176,-0.021663,-1.111
3.3308,0.70019,0.52418,-1.2592,2.4553,46.428,118.76,4.4783,5.1108,-8.2882,-0.9176,-0.021663,-0.89591
-0.66925,-1.2998,-1.4758,-0.25919,2.3553,-7.0723,-231.24,1.7783,7.5108,-9.2882,-1.3176,-0.021663,1.2941
1.3308,0.70019,1.5242,0.74081,1.8553,11.128,241.76,1.1783,-0.48917,-2.2882,-1.8176,-0.021663,-0.37386
2.3308,-0.29981,1.5242,-3.2592,0.95532,-2.4723,216.06,-2.8217,0.41083,-0.2882,-1.8176,-0.021663,-1.111
-0.66925,-0.29981,-4.4758,0.74081,-4.7447,-91.372,-490.64,-6.2217,-5.1892,-1.2882,1.7824,-0.021663,-1.111
-0.66925,-0.29981,-4.4758,1.7408,1.0553,-75.072,-467.14,-1.2217,-1.8892,-17.288,0.8824,-0.021663,2.2788
3.3308,1.7002,0.52418,1.7408,-1.2447,142.73,220.46,0.67834,-4.6892,28.712,-1.3176,-0.021663,-1.111
-0.66925,-1.2998,1.5242,1.7408,1.5553,-8.5723,203.56,-0.62166,4.6108,-17.288,-0.017602,-0.021663,0.35454
3.3308,1.7002,0.52418,-0.25919,4.1553,111.53,150.66,4.8783,8.6108,-17.288,0.8824,-0.021663,5.5054
-1.6692,-0.29981,0.52418,2.7408,0.75532,31.528,53.46,1.5783,-7.2892,42.712,0.4824,-0.021663,-1.111
-3.6692,-0.29981,1.5242,-3.2592,0.85532,19.228,259.16,-1.5217,2.4108,-9.2882,-1.8176,-0.021663,2.2628
-1.6692,-0.29981,1.5242,0.74081,2.6553,30.328,165.96,4.8783,-0.28917,4.7118,-0.4176,-0.021663,2.4966
-0.66925,-0.29981,4.5242,-3.2592,-5.2447,-85.472,-198.24,-6.4217,-14.289,-23.288,4.4824,-0.021663,1.8255
-0.66925,0.70019,0.52418,-1.2592,4.5553,106.83,142.06,8.9783,4.5108,4.7118,1.3824,-0.021663,0.8945
-2.6692,-2.2998,1.5242,0.74081,1.7553,7.0277,120.06,3.1783,0.71083,-11.288,1.3824,-0.021663,-1.111
-1.6692,0.70019,-4.4758,-2.2592,-2.5447,-85.172,-480.34,-5.2217,-3.3892,-17.288,2.2824,-0.021663,-1.111
-0.66925,0.70019,1.5242,-2.2592,0.45532,21.428,264.16,3.4783,-2.4892,-17.288,-0.4176,-0.021663,-1.111
-0.66925,-1.2998,1.5242,0.74081,-0.34468,179.13,307.36,-1.6217,1.0108,-0.2882,-0.9176,-0.021663,1.0637
1.3308,-1.2998,-0.47582,-2.2592,2.0553,53.228,27.86,-0.12166,7.4108,-5.2882,-0.9176,-0.021663,0.97091
1.3308,0.70019,-5.4758,-2.2592,-15.545,-106.47,-531.74,-7.1217,-14.289,37.712,2.2824,-0.021663,0.74371
1.3308,0.70019,1.5242,1.7408,1.8553,10.228,126.46,-0.42166,6.2108,-17.288,-0.017602,-0.021663,5.8846
-1.6692,1.7002,-1.4758,0.74081,0.45532,-16.772,-315.84,-1.9217,0.31083,-6.2882,0.4824,-0.021663,-1.111
-1.6692,-0.29981,0.52418,2.7408,4.2553,19.428,39.16,5.0783,4.5108,-4.2882,1.7824,-0.021663,-0.28247
-0.66925,0.70019,1.5242,1.7408,1.8553,10.228,126.46,-0.42166,-1.1892,-19.288,-0.9176,-0.021663,3.9381
1.3308,0.70019,-4.4758,-1.2592,2.7553,-93.572,-519.64,0.87834,-5.0892,-20.288,1.7824,-0.021663,-1.111
-3.6692,-0.29981,0.52418,1.7408,-0.44468,-13.972,76.26,-0.12166,-4.6892,8.7118,-2.2176,-0.021663,0.39305
-3.6692,-2.2998,1.5242,-0.25919,2.2553,26.128,158.46,0.17834,3.5108,-10.288,-1.8176,-0.021663,-1.111
2.3308,0.70019,1.5242,1.7408,1.8553,-22.872,150.66,-1.9217,-1.0892,6.7118,3.1824,-0.021663,-1.111
3.3308,1.7002,0.52418,1.7408,1.5553,-29.072,-67.14,2.8783,1.2108,-10.288,0.4824,-0.021663,2.9716
-1.6692,0.70019,-4.4758,-2.2592,-2.5447,-85.172,-480.34,-5.2217,-3.9892,-6.2882,-1.3176,-0.021663,-1.111
1.3308,0.70019,-2.4758,1.7408,-5.5447,-82.872,-434.14,-5.5217,-7.5892,49.712,0.8824,-0.021663,-1.111
3.3308,1.7002,0.52418,2.7408,1.6553,-25.572,-59.94,5.6783,1.9108,-12.288,2.2824,-0.021663,-1.111
-1.6692,-0.29981,0.52418,-2.2592,5.4553,70.228,123.26,5.2783,13.411,-17.288,-1.8176,-0.021663,1.6414
1.3308,0.70019,1.5242,0.74081,1.7553,7.0277,120.06,3.1783,0.71083,-11.288,2.2824,-0.021663,1.8961
1.3308,-1.2998,-4.4758,1.7408,-0.044681,-60.772,-447.54,-1.2217,-3.6892,-13.288,4.4824,-0.021663,-0.032616
3.3308,1.7002,0.52418,2.7408,-9.0447,-54.172,117.66,-7.1217,8.9108,-9.2882,-1.3176,-0.021663,-1.111
3.3308,1.7002,0.52418,-3.2592,0.45532,-7.6723,90.86,-3.2217,4.5108,-22.288,-1.3176,-0.021663,-1.111
-3.6692,-1.2998,1.5242,1.7408,0.55532,-16.572,196.46,-0.62166,3.4108,3.7118,-0.017602,-0.021663,-0.5687
4.3308,4.7002,-0.47582,-0.25919,2.5553,3.5277,12.06,0.47834,11.311,-19.288,0.4824,-0.021663,0.21073
1.3308,-0.29981,-5.4758,-2.2592,-15.545,-106.47,-531.74,-7.1217,-13.789,32.712,1.3824,-0.021663,0.033197
2.3308,-1.2998,-4.4758,-3.2592,-3.0447,-58.672,-444.14,-4.0217,-7.8892,1.7118,1.7824,-0.021663,2.2336
-2.6692,-2.2998,0.52418,-2.2592,1.4553,41.728,110.26,5.2783,4.8108,-20.288,-0.9176,-0.021663,-1.111
3.3308,0.70019,0.52418,-1.2592,2.4553,46.428,118.76,4.4783,7.9108,-19.288,-0.9176,-0.021663,-0.59223
3.3308,1.7002,0.52418,-3.2592,1.4553,96.128,124.66,-0.82166,2.2108,9.7118,-1.8176,-0.021663,-1.111
-0.66925,-0.29981,0.52418,0.74081,3.6553,56.728,136.46,3.9783,2.9108,8.7118,-0.9176,-0.021663,0.9092
0.33075,-0.29981,0.52418,-2.2592,-1.8447,36.428,66.56,-0.021663,-1.5892,-1.2882,0.4824,-0.021663,-1.111
3.3308,1.7002,0.52418,-3.2592,1.4553,96.128,124.66,-0.82166,6.6108,-15.288,-2.2176,-0.021663,-0.30902
2.3308,-0.29981,0.52418,2.7408,1.1553,64.228,152.76,4.7783,3.0108,28.712,3.5824,0.97834,-1.111
2.3308,0.70019,0.52418,1.7408,3.0553,120.23,167.16,-0.62166,7.5108,-11.288,-0.4176,-0.021663,-1.111
3.3308,1.7002,-0.47582,2.7408,-1.7447,152.23,247.96,-3.8217,10.411,-17.288,-0.4176,-0.021663,0.87685
-3.6692,-1.2998,0.52418,1.7408,1.4553,67.128,57.36,0.57834,4.4108,-4.2882,-0.017602,-0.021663,0.88503
3.3308,1.7002,0.52418,2.7408,1.6553,-25.572,-59.94,5.6783,3.3108,-15.288,1.3824,-0.021663,-1.111
3.3308,1.7002,0.52418,2.7408,0.75532,31.528,53.46,1.5783,-0.68917,-1.2882,0.8824,-0.021663,-1.111
-0.66925,0.70019,0.52418,-3.2592,5.5553,64.628,113.86,7.7783,13.711,-18.288,-0.9176,-0.021663,0.21605
4.3308,1.7002,0.52418,-0.25919,0.95532,137.53,205.86,-2.7217,1.6108,13.712,-1.3176,-0.021663,2.6702
-3.6692,-2.2998,0.52418,-1.2592,4.8553,-10.972,-34.64,4.1783,4.4108,-13.288,0.4824,-0.021663,-0.67277
3.3308,1.7002,0.52418,1.7408,3.0553,120.23,167.16,-0.62166,8.0108,-13.288,-0.4176,-0.021663,0.67404
1.3308,-0.29981,-3.4758,1.7408,-4.3447,-83.472,-450.84,-3.9217,-9.5892,-0.2882,0.4824,-0.021663,-1.111
-3.6692,-1.2998,1.5242,0.74081,0.45532,-19.572,190.16,-1.8217,0.21083,1.7118,-1.8176,-0.021663,-0.82585
1.3308,-1.2998,1.5242,2.7408,2.8553,38.428,180.66,-0.92166,3.9108,-5.2882,-0.4176,-0.021663,-1.111
1.3308,0.70019,1.5242,-2.2592,1.2553,0.82766,222.36,-2.5217,2.2108,-9.2882,-1.3176,-0.021663,0.78359
-0.66925,1.7002,1.5242,2.7408,2.8553,38.428,180.66,-0.92166,9.4108,-18.288,-0.9176,-0.021663,3.0649
-3.6692,-0.29981,0.52418,1.7408,-0.44468,-13.972,76.26,-0.12166,1.4108,-5.2882,0.8824,-0.021663,0.59916
-2.6692,-0.29981,0.52418,2.7408,0.95532,70.428,65.06,-1.4217,2.0108,5.7118,-1.8176,-0.021663,1.7222
0.33075,0.70019,0.52418,2.7408,3.3553,-62.972,-447.24,1.6783,-1.5892,35.712,0.4824,-0.021663,-1.111
2.3308,-0.29981,0.52418,-3.2592,0.85532,127.33,182.66,-1.5217,-1.1892,20.712,-0.017602,-0.021663,-1.111
2.3308,-0.29981,0.52418,1.7408,0.95532,162.93,271.16,-1.3217,-3.3892,27.712,3.9824,-0.021663,-0.032616
-0.66925,-0.29981,0.52418,1.7408,-0.44468,-13.972,76.26,-0.12166,-0.48917,-2.2882,2.6824,-0.021663,-1.111
-1.6692,-0.29981,0.52418,-2.2592,-1.8447,36.428,66.56,-0.021663,-4.4892,21.712,1.3824,-0.021663,-1.111
-0.66925,-1.2998,1.5242,-2.2592,1.2553,0.82766,222.36,-2.5217,-2.9892,8.7118,-1.8176,-0.021663,0.25761
-2.6692,-2.2998,1.5242,0.74081,1.7553,7.0277,120.06,3.1783,0.71083,-11.288,2.2824,-0.021663,-1.111
1.3308,-0.29981,-1.4758,2.7408,-0.24468,-21.372,-257.14,-2.6217,-4.5892,1.7118,-2.2176,-0.021663,-0.46917
0.33075,-0.29981,1.5242,0.74081,3.6553,-25.772,144.36,6.8783,1.2108,2.7118,0.8824,-0.021663,-0.21086
0.33075,-0.29981,0.52418,2.7408,1.1553,64.228,152.76,4.7783,6.8108,-5.2882,1.3824,-0.021663,-1.0248
3.3308,1.7002,0.52418,-3.2592,1.4553,96.128,124.66,-0.82166,7.9108,-9.2882,-2.7176,-0.021663,-0.67924
2.3308,0.70019,1.5242,1.7408,1.8553,-22.872,150.66,-1.9217,3.9108,-4.2882,-0.017602,-0.021663,-1.111
2.3308,0.70019,2.5242,-3.2592,1.0553,-62.372,148.16,2.0783,-2.7892,-0.2882,-0.017602,-0.021663,2.8084
-3.6692,0.70019,1.5242,-3.2592,0.25532,15.628,138.56,-2.0217,2.1108,-2.2882,-1.8176,-0.021663,1.0052
-3.6692,-2.2998,0.52418,-2.2592,4.1553,-2.5723,99.16,7.9783,-0.28917,6.7118,0.4824,-0.021663,-1.111
-2.6692,0.70019,1.5242,-3.2592,0.95532,-2.4723,216.06,-2.8217,0.41083,-0.2882,-1.8176,-0.021663,0.48431
-3.6692,-0.29981,1.5242,-2.2592,0.35532,18.628,144.66,-2.0217,2.8108,-6.2882,-1.8176,-0.021663,-0.75335
1.3308,0.70019,0.52418,-0.25919,4.5553,20.828,30.86,1.3783,8.5108,-22.288,-0.017602,-0.021663,-0.46917
-3.6692,-2.2998,1.5242,2.7408,2.8553,38.428,180.66,-0.92166,6.4108,-8.2882,-0.4176,-0.021663,-1.111
-2.6692,-0.29981,0.52418,-1.2592,4.5553,106.83,142.06,8.9783,11.911,-25.288,0.4824,-0.021663,-1.111
2.3308,-0.29981,-4.4758,-3.2592,-0.54468,-71.172,-461.34,-2.8217,-2.7892,-15.288,-0.9176,-0.021663,-0.099425
