-0.01176,-0.26889,3.5604,7.7011,0.19538,-0.36842,1.041,0.53619,15.236,2.6662
0.046831,-5.0859,12.434,-4.1838,0.21443,-0.3622,0.97839,-0.094617,10.665,9.9096
0.57963,2.3881,-4.4949,3.8541,0.37525,-0.2916,-0.51687,-0.49825,10.591,-3.016
0.03442,3.3718,-3.2375,1.1507,0.87519,0.39003,0.26426,1.2945,-13.561,-0.94945
-0.34174,-0.7444,-3.2368,-0.89703,-0.7274,-0.19795,-0.91358,0.51614,-2.1012,-1.9043
-0.93941,2.1246,-4.136,-7.9854,0.36699,-0.29608,-0.40943,-0.56542,19.72,-5.0411
0.47842,-3.7069,12.823,-16.297,-0.10664,-0.41478,0.41908,-0.62114,-3.0484,9.5953
1.0499,-0.75511,0.042041,3.2648,0.85716,0.31477,1.0129,0.63564,3.8219,0.38625
-1.4882,-2.2714,0.20825,1.9851,-0.50349,-0.33221,0.51041,-0.58135,-1.5128,1.2457
-0.47252,2.3496,-4.3492,-3.3018,0.60358,-0.11983,0.34158,1.2756,16.406,3.2326
-0.16728,-0.094675,-5.0921,10.156,-0.74914,-0.18018,0.43076,-0.61664,-9.9076,6.6046
3.3524,0.04296,3.8167,-4.318,0.023167,-0.40646,-0.93307,0.36046,17.254,-2.0177
0.59349,1.694,-7.7456,-15.741,-0.33125,-0.38899,0.79633,0.99736,-12.426,-0.012269
0.12469,-0.33866,5.0508,-5.8274,0.14639,-0.38252,0.64847,-0.49834,-9.3382,3.0027
-0.26023,-0.69484,2.327,-0.62427,0.036006,-0.40471,0.19605,-0.67708,4.1547,0.49697
0.25149,-0.73711,1.8943,-14.056,0.29593,-0.33064,-0.13985,1.293,-5.5031,1.6084
-0.2666,-1.3578,-3.8641,5.9347,0.89153,0.5093,1.0306,0.051283,3.1268,-0.96098
1.3905,-0.7505,7.4156,10.345,-0.24418,-0.40513,-0.74508,-0.27071,-4.2205,-6.3315
0.61451,-2.2608,7.094,-10.834,0.39854,-0.27841,-0.37862,-0.58138,-0.70481,-5.4118
0.22968,1.1054,0.13539,-4.5673,0.85358,0.30235,-0.92998,0.40549,-3.0831,0.72485
-0.25772,0.75326,2.5626,-9.6209,0.37262,-0.29303,1.0018,-0.037841,-10.898,1.8419
-0.82349,-0.306,-2.0286,1.417,-0.073674,-0.41427,-0.74167,-0.27541,1.5019,-1.5713
-1.3623,-1.6335,0.64334,-0.93975,-0.54785,-0.31167,0.4101,-0.62448,4.1876,0.91922
-0.36967,0.0046656,-0.14595,1.189,-0.060198,-0.41375,0.067375,-0.68559,15.028,0.50952
-3.9158,-0.85247,-1.2821,1.0309,0.52353,-0.1921,-0.23998,-0.63767,-13.966,0.3441
-1.0882,0.070119,-3.2365,-0.67029,-0.068139,-0.41408,-0.78415,-0.21235,17.209,-2.9262
-1.7338,-1.1531,-1.8693,1.6761,0.44872,-0.2471,-0.27503,-0.62569,-9.4122,-0.25515
0.36294,-0.85541,4.7998,-4.0441,0.89441,0.58883,0.058804,-0.68557,-6.3941,-1.0105
-0.39075,-0.66699,1.0985,0.59638,0.02819,-0.4058,-0.092482,-0.67298,-13.915,-1.3305
0.19982,2.6426,-2.1425,0.14821,0.8933,0.53783,0.23312,1.3003,-18.524,-1.8433
0.29538,1.8852,-6.0994,10.089,-0.25843,-0.40303,0.070307,-0.68558,14.451,-2.415
1.3783,0.32522,8.3112,0.44012,-0.9293,0.018229,-0.88632,0.0088748,-10.502,-0.094219
0.054486,0.34335,-0.61196,11.231,-0.21517,-0.40876,-0.85584,0.70231,-8.2982,0.070473
-0.58391,1.1973,-0.83043,-10.291,0.42398,-0.26306,1.0046,0.65916,19.091,3.2813
-0.41443,-0.30187,0.29313,1.329,-0.10313,-0.41478,0.060333,-0.68558,-13.49,-0.60756
-0.80094,-0.92795,-1.2932,5.1318,-0.55309,-0.30906,-0.25237,-0.6336,11.011,0.73309
0.46933,-0.54538,-2.7745,-10.381,0.83575,0.9227,-0.90968,0.53421,-13.939,-1.9609
1.1263,-0.42445,-3.1175,1.2696,0.70066,-0.0063694,0.91254,0.84652,-0.4038,0.851
-0.57098,1.4948,-4.1725,-7.816,0.50326,-0.20808,0.41733,1.2506,19.827,3.1167
-3.9487,-0.18244,-5.0358,6.2398,-0.029859,-0.41191,0.0091907,-0.68398,12.833,-2.4735
-0.16686,-0.48284,-2.667,8.3321,-0.89054,-0.034331,0.75437,-0.41083,0.29703,1.8731
-1.9341,-2.0481,1.6672,-0.54915,0.49301,-0.21584,-0.16796,-0.65787,-12.067,-0.5538
-0.87582,4.209,-14.413,8.3248,-0.46316,-0.34866,0.60318,-0.52897,4.2589,4.8134
0.098026,-0.14091,2.5268,1.1328,-0.39991,-0.37049,0.95874,-0.1359,-0.35998,1.4079
-0.14602,0.59675,-10.028,16.726,-0.42388,-0.36277,-0.14993,-0.66203,-19.972,-6.4403
-0.70807,-2.2255,2.1506,3.8922,-0.58679,-0.29139,0.0084914,-0.68394,1.9986,1.0641
0.79484,-0.021523,6.8161,17.072,0.83728,0.25202,-0.60738,1.0538,-4.7698,-1.5101
1.0566,-0.17082,-1.5033,6.045,-1.0119,1.0078,-0.44557,-0.54491,-6.3857,1.0639
0.2358,-2.8334,10.344,-8.734,0.6867,-0.024942,0.69547,-0.46251,-3.1427,4.5878
-0.23696,-0.39295,-5.2376,6.3073,0.84429,0.27257,1.0655,0.28912,-13.155,-0.31932
0.10925,-0.027701,1.9412,2.4845,-0.49081,-0.3376,0.94701,-0.15844,-10.132,1.9784
-0.83118,-1.1516,-1.1487,5.4683,-0.61956,-0.27258,-0.31397,-0.61065,5.3834,0.55414
1.5646,-0.57667,-0.2676,7.7166,-1.0182,0.99412,-0.91174,0.52486,-10.252,0.48399
-0.91935,0.4274,-1.2784,-11.125,-1.0162,0.99848,0.23503,-0.67118,2.6337,-2.5017
5.292,6.2469,-12.747,-13.567,-0.26725,-0.40163,-0.56565,-0.46096,-3.7761,-10.524
-0.41774,-1.292,2.3649,0.73447,-0.17496,-0.41237,0.073997,-0.68556,-12.079,0.29143
-0.63198,3.4758,-14.555,13.09,0.40583,-0.27412,-0.090812,-0.67324,-6.4553,-8.3375
-0.14074,-0.97239,-2.6133,7.4488,0.18307,-0.37222,-0.86951,-0.039252,11.55,-2.3245
-0.82163,-0.24741,-1.7265,-0.19867,0.03579,-0.40474,-0.72004,-0.30394,7.2193,-1.7338
1.6186,-2.8085,-2.9295,15.134,0.88517,0.44952,0.91768,-0.20943,-2.3013,-2.081
1.2324,5.0196,-7.5754,-3.7784,-1.0287,0.20083,-0.76836,0.86584,2.29,-4.1189
-0.32281,-1.4627,-2.4741,4.9174,0.88966,0.68272,0.9567,-0.13992,9.5885,-1.3065
1.7658,0.074952,7.9808,7.2201,-0.57347,-0.29857,1.0439,0.52299,-10.309,3.9743
3.4005,1.2645,2.4597,-6.3806,-0.11528,-0.41474,-0.89251,0.028882,-17.897,-4.965
0.43625,1.1482,3.7325,-4.7617,0.74966,0.066982,-0.68649,-0.34435,9.1742,-2.2741
5.5935,4.787,-4.4055,-24.15,0.14864,-0.38193,0.46761,-0.60135,-10.106,9.5636
0.7124,0.022869,-5.6931,-14.532,0.44198,-0.25155,-0.7002,0.95717,-13.383,3.4171
0.87528,1.8825,3.3773,-3.6775,-0.49155,-0.33729,1.0646,0.265,-20.091,3.6059
-0.58344,-0.47808,-0.82884,3.6892,-0.27291,-0.40068,-0.75456,0.88616,4.3457,-1.3077
1.1264,2.865,2.4004,11.892,0.10898,-0.39149,1.0347,0.56231,-10.711,1.8663
2.9148,2.2367,-4.3222,-0.33228,0.41613,-0.26791,-0.61573,1.0461,-1.2148,0.089634
-1.1356,0.72811,-7.788,-3.6535,-1.0927,0.42525,0.51129,-0.58091,13.083,3.0281
1.5449,-0.80638,-1.451,8.136,-1.0417,0.93677,-0.78788,0.83511,-4.243,-0.43148
1.046,0.7771,-5.5492,-5.5714,0.087643,-0.39594,1.0518,0.48154,-0.096132,3.5806
-0.45414,-1.0643,-1.7526,21.14,0.88744,0.46729,0.96002,0.76217,18.191,-0.43529
0.31911,-0.5727,7.3805,-14.831,0.65104,-0.068637,1.0068,0.65311,-6.0187,2.5613
-0.22772,-0.67858,-0.69625,4.0367,-1.0635,0.2981,-0.93368,0.28414,-5.88,-0.27707
1.5237,0.29627,-2.2546,8.6054,-1.1001,0.48076,0.35165,1.2727,3.3771,0.46343
-0.16796,-1.3874,6.4917,3.3327,-0.56433,-0.30335,-0.70357,-0.32432,1.7633,-0.86832
-0.39681,-0.30968,0.30578,1.321,-0.10558,-0.41478,0.065866,-0.68559,7.0513,0.41387
-0.89932,-1.4737,-0.90509,5.9213,-0.65317,-0.25153,-0.36218,-0.58935,-3.714,0.21876
-0.82622,-1.2801,-1.2367,5.1237,-0.44286,-0.35619,-0.26285,-0.63002,14.388,0.39748
0.30722,1.5638,-4.5606,-9.3431,0.58633,1.3072,0.14036,1.3116,-6.1275,2.5879
-0.49156,1.3557,-5.746,-3.1327,0.20327,-0.36589,-0.77709,0.85239,19.374,-4.5213
-0.52872,-2.4858,-0.43429,20.658,0.89432,0.59916,0.89714,-0.24146,0.5328,-3.7197
0.09523,0.89784,2.5376,-5.5523,0.31734,-0.32095,0.32018,-0.65271,-11.56,-0.22636
-0.86105,-1.4381,-0.87226,5.7773,-0.61607,-0.27467,-0.33593,-0.60132,-0.82504,0.2619
-0.3602,-0.62018,-3.4438,-2.8529,-0.5734,-0.2986,-0.9331,0.35985,1.173,-2.2055
1.0292,-0.6918,0.75148,3.5831,0.85593,0.31045,1.0414,0.53423,5.3743,0.47048
-0.75256,-2.2615,2.0498,4.2388,-0.65073,-0.25312,-0.019001,-0.68198,2.9594,0.99978
-0.27066,-0.78315,-1.9351,3.0357,-1.0029,0.14385,-0.91371,0.51547,-4.8523,-0.90734
-0.784,-1.7769,0.55894,4.8065,-0.63268,-0.26458,-0.14973,-0.66207,0.25191,0.93473
1.5894,0.24008,-2.6564,8.9063,-1.0382,0.2244,0.93166,0.81482,-7.1953,-0.047193
1.7798,0.74364,6.979,-8.0032,0.54127,-0.1774,1.0584,0.19283,-11.588,3.8319
0.11008,-0.54705,2.271,4.4056,-0.57367,-0.29846,0.89217,-0.24881,-0.86048,1.2071
-0.31974,0.80344,-6.394,1.1214,0.45914,-0.24006,1.0166,0.62429,10.507,4.4868
0.046647,-1.1191,4.5356,11.432,-0.39366,-0.37239,-0.11131,1.2986,-8.2387,-0.22517
1.7171,-1.0843,-2.1116,12.905,0.60924,-0.11409,-0.90829,0.088543,-2.7782,2.2698
1.1227,-0.034255,-4.1568,0.060465,0.56933,-0.15268,0.92785,0.82135,-2.2862,1.2597
-0.024768,-0.63798,10.501,6.8381,-0.6187,1.4435,0.032835,-0.68505,-11.121,4.5597
-0.042848,-0.52867,-1.0313,-1.0489,0.87367,0.38258,-0.82255,-0.14463,-9.1247,1.0506
0.3662,1.0233,2.6921,-3.7856,0.81525,0.19526,-0.83791,-0.1136,5.867,-0.92575
4.6939,0.51229,-4.7675,-11.715,-0.59704,1.4561,-0.31611,1.2386,-20.096,1.2619
-1.314,0.7035,5.5083,-11.967,-0.9729,1.083,-0.76544,0.87023,-7.7649,2.422
-0.51157,-2.221,3.8218,1.0884,-0.33912,-0.38713,0.11465,-0.6844,-5.1653,1.4905
-0.18035,3.4894,-4.3514,0.051901,0.82374,0.21594,0.32189,1.2811,-1.0078,1.0103
-0.64446,0.265,-0.6895,-8.9219,0.32174,-0.31889,0.93257,0.81323,19.342,2.4683
-0.15094,-0.74856,-0.76732,8.3282,-0.94874,0.047557,0.95953,-0.13433,2.2152,0.058291
-0.15561,-0.28635,3.3865,15.67,-0.88943,-0.035737,0.92098,-0.20402,-2.257,0.47693
1.019,-0.25208,2.8792,8.558,-1.0301,0.96646,0.34295,-0.64644,8.4573,-1.5091
-0.064248,-0.94381,0.34242,-0.051489,0.87969,0.41422,-0.77569,-0.22576,-4.9962,0.59759
-0.34231,-2.9203,5.437,9.6367,-0.63453,-0.26344,0.79501,-0.36995,13.324,0.94236
0.84726,0.7915,0.602,16.484,0.64363,-0.077113,0.73574,1.0569,7.2251,4.6101
-0.12592,-0.85545,1.0331,9.0103,-0.95333,0.054817,1.0609,0.21459,1.461,-0.63644
-0.40689,-1.075,1.9553,0.79332,-0.13403,-0.41438,0.076143,-0.68554,-9.3007,0.069259
-0.3932,-0.29798,0.31472,1.3201,-0.12204,-0.41465,0.057895,-0.68556,-13.381,-0.52617
0.47396,-0.20984,-1.4031,-7.6929,0.86888,0.80979,-0.67414,0.987,-14.807,-2.6382
1.6207,-0.16695,-4.4818,9.7112,-0.83926,-0.094277,1.0368,0.075108,-1.97,2.6426
0.093213,-2.1917,6.6237,-0.88878,0.62756,-0.094862,0.9602,0.7618,19.411,4.8071
1.2021,-0.58441,-3.0697,-8.9397,0.16696,-0.37693,-0.90499,0.074749,-5.7416,-1.4976
-0.41455,-1.3509,2.8389,15.987,0.88969,0.48803,0.32452,1.2804,19.834,5.2011
1.8291,1.0123,4.1177,10.482,-1.0125,0.16383,0.84731,-0.30957,-18.213,2.0341
0.19734,0.062043,12.872,-25.227,-0.49216,-0.33704,-0.44488,-0.54532,9.8431,7.7375
-0.20242,-0.2486,1.9666,3.3681,-1.0513,0.2601,-0.84987,-0.087375,-8.3717,0.49808
-0.44305,-3.4276,7.3317,-3.7205,-0.31194,-0.39326,0.35187,1.2726,-9.9925,-1.5312
0.28712,-1.1919,4.9276,-12.319,0.43432,-0.25651,0.54955,1.1896,0.81915,-1.7066
-0.49445,0.78184,2.203,-10.205,0.32635,-0.31669,0.88426,-0.26025,7.2088,3.3465
-2.4191,-4.9884,8.4157,-2.6216,-0.22908,-0.40713,0.36094,-0.64107,6.6481,3.8534
-2.9461,0.10024,-4.9907,4.7585,0.060557,-0.40089,-0.2081,-0.64733,-6.8516,-2.1576
-0.192,1.9158,-3.613,-5.7815,0.54525,-0.17401,0.20125,1.3052,-3.4468,0.52279
-0.20761,-0.17545,2.9612,2.8725,-1.0107,0.16013,-0.81007,-0.16801,-7.4232,0.54871
0.0021176,3.2103,-3.3184,0.99973,0.87969,0.41421,0.28591,1.2899,-15.679,-1.1745
0.12787,0.86868,-1.5056,5.2237,-0.62054,-0.272,0.61938,-0.51843,3.9603,1.6202
0.40938,0.96711,-0.70819,-3.7239,0.88811,0.69742,-0.072676,1.3048,-15.558,-1.808
3.5793,2.1759,0.59807,-9.1573,-0.75253,-0.17731,0.53155,-0.57054,-8.4484,1.8765
1.0227,-1.4788,5.925,-0.29229,0.46042,-0.23919,-0.68292,-0.34841,14.258,-4.2424
-0.25318,2.6034,-6.7153,-11.107,0.7593,0.083242,-0.88533,0.0058306,18.982,-1.817
-1.0994,-0.93873,-2.0296,2.32,-0.3061,-0.39447,-0.85161,-0.083394,7.2315,-1.456
-0.98982,-1.7587,-5.2192,-14.156,-0.75129,-0.17837,-0.019932,1.3107,7.7607,1.1039
0.81122,0.021584,4.4269,15.499,0.71534,0.014166,0.073791,1.3144,12.351,1.0412
-2.9575,-0.49124,-2.0706,0.72389,0.37713,-0.29056,-0.32528,-0.60592,-7.5314,-0.5933
4.7728,0.69941,-8.5763,-6.5979,-1.0276,0.97224,-0.93335,0.35388,-10.802,3.3861
3.4794,1.0773,5.2415,-11.645,-0.6556,-0.24994,-0.01909,-0.68198,8.841,2.5235
-0.55597,-2.1152,3.8052,0.19343,-0.34861,-0.3848,0.14679,-0.68231,-4.7898,1.6079
-0.83911,0.31048,-2.752,-0.93173,0.057542,-0.40139,-0.71211,-0.31389,14.365,-2.6061
1.0098,-0.00034589,-2.6402,-8.8005,-0.13943,-0.41421,1.0311,0.053122,9.4205,3.2796
1.7114,-0.029173,-3.3016,13.416,0.73792,0.04809,0.75509,1.039,-10.531,1.9277
-0.45951,2.2866,-4.8074,-4.7531,0.67932,-0.034403,0.042013,1.3141,18.669,3.2374
0.27951,-6.1327,18.576,-9.059,-0.43301,-0.35966,-0.8309,-0.1281,-2.9819,-1.4351
-0.9554,0.34387,1.9984,-9.2677,-1.0192,0.99171,-0.32191,-0.60734,6.9809,-1.8162
-0.74148,-1.1648,-0.055458,3.5304,-0.548,-0.31159,0.048115,-0.68543,-2.735,1.113
-0.3523,-0.93201,-2.3562,-6.8534,-0.016839,-0.41084,1.0541,0.16122,13.439,3.2577
-0.35804,0.031696,-4.9903,-3.657,0.18485,-0.37168,1.0495,0.49463,16.408,4.8343
-0.11811,-0.5331,-4.9124,10.234,-0.010134,-0.41022,-0.68231,-0.34909,-3.029,-2.7185
-1.1742,-1.9811,2.9036,-3.5419,-0.3555,-0.38305,0.085486,-0.6854,-13.272,1.8458
2.2331,7.8465,-3.0054,-21.23,-0.30469,-0.39476,-0.1475,-0.66256,-7.3134,8.6633
1.4035,-0.2791,2.9189,16.824,0.01052,-0.40802,-0.26054,-0.63082,-2.4389,-6.4208
3.3323,0.14759,3.2603,-2.6457,0.17984,-0.37318,-0.89401,0.59482,0.031962,-1.5973
-0.4475,-1.7827,3.4572,0.36294,-0.1724,-0.41255,0.088329,-0.68534,-13.006,0.74518
-0.44662,-0.58139,0.24421,2.093,-0.15002,-0.41379,0.0019372,-0.68355,14.532,0.63793
0.15691,1.1842,-0.99558,-5.0217,0.84203,0.26579,-0.85559,0.7029,-4.8539,0.51171
-1.7937,-1.8503,-0.2063,1.3751,0.50268,-0.20852,-0.283,-0.62277,8.8292,-1.5198
-0.90019,-2.7157,6.8651,-10.162,-1.0243,0.19037,-0.71482,0.93933,8.8685,-2.7012
-1.1936,0.44949,0.028786,-7.7221,-0.79106,1.3133,-0.80154,-0.18319,-7.5372,0.57256
0.31166,3.071,0.72114,-17.543,-0.75071,-0.17886,0.60903,-0.52522,-14.862,1.5891
0.82868,2.2597,5.1575,8.3332,0.44513,-0.24948,0.46937,1.2294,11.022,2.2905
0.25508,-1.1694,-5.8882,-14.38,0.55409,1.3368,-0.64771,-0.38617,-3.3646,2.1955
0.98734,4.1817,-7.2013,-1.0713,-1.1055,0.57482,-0.65433,1.0082,2.3591,-2.66
-0.35736,0.13599,-2.9579,-7.9184,-0.22111,-0.40809,-0.75701,-0.25381,7.7412,-3.9064
1.8561,6.7536,-5.7486,-14.246,-0.50573,-0.33123,-0.86347,-0.054823,5.2607,-6.9187
0.4602,-0.10816,-1.375,-10.738,0.67496,1.2103,-0.40216,-0.5693,-15.537,3.4153
-0.96075,-1.2975,-1.8256,6.1908,-0.58861,-0.29039,-0.5919,-0.43881,-5.0471,-1.212
-1.0398,1.1994,-4.4841,-3.6507,0.14329,-0.38332,-0.68454,-0.34657,19.611,-4.2896
-0.63243,-2.2174,2.6694,3.0482,-0.51028,-0.32923,0.058833,-0.68557,-1.9251,1.2343
1.5219,5.9485,-7.6712,-7.9492,-0.80618,-0.12834,-0.90726,0.54469,2.3019,-6.2433
-1.0599,-1.2706,-1.5319,3.5563,-0.40747,-0.36813,-0.81587,-0.15733,2.9183,-1.1863
0.013917,1.7059,0.03547,-4.1629,0.36007,-0.29975,0.015151,-0.6843,-7.3976,-1.3228
0.33116,1.6634,1.2243,0.35354,0.87962,0.4138,0.1057,1.3136,-1.7594,0.13455
0.066625,2.5082,-2.9422,-11.552,0.78352,1.0429,1.0359,0.55754,12.874,0.13255
-0.31599,2.8273,-4.0845,-1.5705,0.80437,0.17051,-0.17906,1.2839,9.4563,2.0183
-0.65575,-3.1043,5.8343,16.893,0.88837,0.47542,0.18589,-0.67836,-16.534,-2.3197
1.029,-1.4207,2.8199,-12,-0.15833,-0.41339,0.73405,-0.42959,15.112,3.2515
-1.0877,-0.72692,-2.0639,1.0203,-0.21785,-0.40846,-0.81098,-0.16637,10.37,-1.6278
-0.75131,-1.6646,0.72109,4.2737,-0.57883,-0.29571,-0.08865,-0.67358,7.7618,0.92042
-0.33854,2.1193,-2.627,-3.7998,0.37002,-0.29444,1.0442,0.52165,19.836,3.7304
-0.6895,1.2956,2.7065,-15.322,0.46201,-0.23809,0.8537,-0.30148,-15.102,3.1474
1.0309,0.31152,2.7841,6.16,0.66064,-0.057363,0.84557,-0.31175,16.876,-0.22498
0.1099,2.1741,-0.70574,1.1568,0.87895,0.41002,0.16584,1.3094,-5.5451,-0.3948
1.0955,-0.74735,-1.4634,2.5874,0.82481,0.21864,0.94787,0.78565,1.7755,0.42128
0.32162,-1.4719,6.585,-5.1113,0.86026,0.32608,0.34297,-0.64643,-5.5953,-3.5598
-0.29557,-0.040308,0.58433,-13.117,-0.090833,-0.41467,0.38257,-0.63412,-18.946,3.7283
0.78164,3.4325,-7.1238,0.78277,-1.041,0.9387,-0.6037,1.0572,2.1669,-1.8046
0.013673,-2.2758,5.1132,11.214,0.061723,-0.40069,-0.26906,-0.62784,1.4511,-4.8117
-0.43323,-1.8203,3.4573,0.39413,-0.17887,-0.41209,0.096592,-0.68512,-13.918,0.80272
-3.9401,-0.84845,-3.3108,5.1465,-0.26231,-0.40242,0.23966,-0.67037,7.4429,1.1309
-1.0483,2.2229,-9.7731,-0.67701,-0.92489,0.011872,0.66972,-0.48269,10.56,9.0612
-0.0015931,3.7875,-5.1452,3.8954,0.7023,-0.0041303,1.006,0.65534,14.334,3.3713
-0.94961,-1.0985,-1.7774,4.8262,-0.43888,-0.3576,-0.68851,-0.34204,-2.5291,-1.4224
-0.75839,-0.35744,-1.8314,1.0629,0.14165,-0.38374,-0.60335,-0.42866,-17.915,-0.59551
-3.6193,-2.7226,3.42,-0.90529,-0.3872,-0.37431,0.37609,-0.63626,-2.8909,1.7523
-3.966,-1.7651,0.56066,1.322,0.5487,-0.17104,-0.23224,-0.64013,0.32031,-0.84149
-0.54122,-2.5336,4.4527,1.049,-0.35808,-0.38238,0.1264,-0.68376,-4.2928,1.7494
0.76738,-0.088832,4.8534,16.107,0.84054,0.90903,-0.62166,-0.41175,-18.92,2.3552
0.30551,-1.4057,-5.0613,-12.638,0.74653,1.1086,-0.9338,0.28871,-8.4807,-1.7013
-1.0133,1.7745,-5.2371,-5.8332,0.29118,-0.33271,-0.68389,-0.3473,14.91,-4.312
-0.4105,-0.29915,0.32744,1.3275,-0.091076,-0.41468,0.062159,-0.68558,-19.53,-0.91358
-2.9617,-0.19687,-5.0297,6.1774,-0.21655,-0.40861,0.013061,-0.6842,4.869,-1.3553
0.22385,-0.48195,0.11689,-8.5538,0.28102,1.5075,0.57633,-0.54549,-6.5376,2.1581
1.9913,1.4561,-4.9712,14.69,-1.0071,0.1524,-0.60534,-0.42686,-5.6791,-0.84056
0.49404,1.5705,-8.4188,1.4381,-0.50868,1.5004,-0.62819,1.0343,6.4065,0.52406
0.37819,-0.40571,3.3756,-4.4479,0.87588,0.77687,-0.21158,-0.64633,-8.0018,0.43851
-1.0279,-1.0245,-1.4605,1.9821,-0.26036,-0.40273,-0.80638,-0.17466,3.6329,-1.2975
-0.35363,0.37341,-2.4782,5.0668,-0.15255,-0.41368,-0.14454,-0.66321,15.36,-1.0948
-0.73109,2.3223,1.204,-15.603,0.571,-0.15115,0.41685,-0.62197,-0.7949,0.76587
-0.066672,0.87672,0.13676,-2.0278,0.34843,-0.30578,-0.20203,-0.64904,17.326,-2.0882
-0.60896,-2.2837,3.142,2.5183,-0.49111,-0.33748,0.091296,-0.68527,-1.382,1.3277
-0.20381,-0.67882,5.2191,2.4058,-0.79181,-0.14217,-0.74624,-0.26911,-1.9224,0.12072
-0.53026,-2.6261,4.5229,1.1467,-0.36623,-0.38022,0.13166,-0.68342,-5.1294,1.8317
1.5656,-0.066668,1.6721,6.281,-1.0257,0.9768,-0.93143,0.24087,-13.67,1.4744
0.9065,0.72212,-4.084,21.04,0.70517,-0.00017271,1.0658,0.30648,-6.5078,-0.61585
-1.0065,-1.3905,-1.0842,3.3752,-0.39125,-0.37311,-0.76359,-0.24417,1.1683,-1.1069
0.26936,1.49,-1.3729,-2.199,0.89083,0.66989,0.11636,1.3131,-19.372,-2.0779
-0.33972,0.12934,0.39558,-9.3166,0.33576,-0.31212,0.91954,0.83522,17.627,1.8321
5.0082,4.0796,-13.213,-2.9689,-0.86735,-0.062631,-0.82713,-0.13566,-0.52284,-10.555
-0.21205,-0.56543,0.10132,4.058,-1.0719,0.32776,-0.92005,0.14717,-6.8298,0.024946
0.61436,2.6243,-7.533,1.9054,-0.84345,1.2602,-0.60713,1.0541,2.9338,-1.0617
-2.9996,-0.63392,-2.4606,2.5297,-0.66837,-0.24138,0.29926,-0.65797,13.543,1.4482
-0.14836,-1.2755,2.3966,0.32391,0.85413,0.30423,-0.71816,-0.30632,5.5451,-0.9907
0.36114,-0.040924,-0.34481,-7.8813,0.8426,0.90294,-0.78461,-0.21161,-10.972,1.9848
-0.65144,-2.4889,3.4669,2.7521,-0.53036,-0.32008,0.097371,-0.6851,0.96391,1.3176
1.1664,0.40031,-6.5666,-2.0834,-0.41062,-0.36712,-0.80859,0.79951,-5.4609,-4.3845
-1.0083,-2.3096,3.3762,-2.7488,-0.079738,-0.41445,-0.39588,-0.5726,6.7563,-1.0728
0.15713,2.3888,-2.2237,-0.24008,0.89424,0.56631,0.24165,1.2988,-19.255,-1.9069
3.0463,6.8384,-9.6422,-4.2731,0.45126,-0.2454,0.99806,-0.047555,7.5136,4.5812
1.1267,0.94135,3.5935,5.1275,0.45,-0.24625,0.49781,-0.58749,2.0503,-0.94562
-0.98287,1.9527,-5.3725,-6.0917,0.31544,-0.32183,-0.66584,-0.36721,11.956,-4.0646
-0.15769,-0.3348,-3.0607,5.0658,0.3274,-0.31619,-0.92765,0.20076,12.766,-2.8125
-0.38292,0.24111,-0.84911,1.6714,-0.076133,-0.41435,0.056475,-0.68555,-8.9768,-0.63107
1.5261,2.8105,2.5227,-6.415,0.81078,0.18486,0.54629,-0.56263,11.285,-2.1991
1.0127,-0.59438,1.3915,3.9925,0.84471,0.27384,1.061,0.41244,7.5233,0.61449
-2.9878,0.54484,-5.2883,3.9314,-0.48995,-0.33796,0.21457,-0.67447,-16.8,2.2959
-0.5404,-2.0736,3.2069,1.7158,-0.38567,-0.37476,0.11139,-0.68455,-6.2755,1.3921
-0.17774,-4.3079,9.3053,5.6596,-0.30715,-0.39426,0.98043,-0.090031,12.806,4.0193
-0.75985,-3.468,6.3718,-7.9517,-0.86005,-0.071117,-0.30795,1.2419,5.3314,-2.1601
-0.43975,-1.3201,2.4359,0.66617,-0.15724,-0.41345,0.077851,-0.68552,-8.4782,0.33718
-0.43327,-1.7503,3.3084,0.44735,-0.18265,-0.41181,0.090146,-0.6853,16.677,1.3533
1.5208,-0.78753,-1.8384,7.661,-1.072,0.84236,-0.57201,1.0846,2.9085,-0.067449
0.0030178,2.7017,-1.9326,0.48884,0.88941,0.48526,-0.30777,1.242,-13.728,-1.1554
-0.2268,-0.80217,3.5146,-2.6248,0.74566,0.060443,-0.56163,-0.46421,14.06,-2.6784
-0.044587,-1.8306,11.104,8.4669,0.31712,-0.32105,0.15382,1.3105,10.831,6.869
-0.49198,-0.79911,-2.0203,12.021,-0.74702,-0.18195,-0.050676,-0.67878,-3.0848,2.0385
-0.27207,0.54682,-0.52079,0.43423,0.065621,-0.40002,0.12516,-0.68383,-15.182,-1.0247
1.0021,-0.45962,1.92,4.5418,0.82153,0.21042,1.0647,0.26517,10.355,0.71257
-0.45629,2.1528,-0.82197,-8.5913,0.46898,-0.23325,0.1076,-0.68472,10.054,-2.4717
-0.10762,0.52806,-4.4025,-0.60802,0.65489,-0.064154,-0.93384,0.29,4.9914,-1.4656
1.6661,-0.095853,0.32598,14.954,0.61682,-0.10626,-0.38386,1.2076,-0.46866,-1.5875
-0.79517,-1.726,1.0223,0.43649,0.17533,-0.37452,-0.58059,-0.44855,-14.332,-1.0981
-2.6284,-4.0399,5.2655,1.172,-0.5347,-0.31803,0.44446,-0.61115,15.071,0.87027
2.6491,2.9918,-5.2202,2.8792,-0.025674,-0.41158,-0.60101,1.0596,-10.298,-1.5817
0.77825,-3.4453,6.852,17.827,0.73441,0.042616,-0.27609,-0.62531,-16.473,-6.129
-0.37333,-0.47766,0.79217,0.99361,-0.059285,-0.41371,0.055735,-0.68554,6.4672,0.25334
-0.38746,-0.31446,0.32905,1.3287,-0.091376,-0.41468,0.062226,-0.68559,-9.9919,-0.47856
0.0010426,-1.0198,9.3986,1.9592,-0.95672,1.1101,0.18485,-0.67849,-9.9154,4.9387
1.0976,-2.1041,6.1693,4.1494,0.67166,-0.043986,-0.66233,-0.37096,17.91,-4.3977
-0.3488,-1.9101,5.2463,13.81,0.88973,0.68199,-0.33592,1.2301,14.809,2.2326
-0.44264,-1.7481,1.645,10.526,-0.76326,-0.16808,0.43133,-0.61642,9.2457,1.5539
1.0951,0.53041,-5.3546,-2.0443,0.36283,-0.29829,0.97832,0.72358,-3.8877,2.1452
-1.6792,-0.86567,-4.6343,6.3684,-0.15669,-0.41348,0.14536,-0.68243,2.7139,-0.82495
-0.80386,2.5744,-1.1804,-13.09,0.50121,-0.20965,0.15929,-0.68122,2.417,-2.1847
-0.70657,-0.84676,0.25815,2.2859,-0.5569,-0.30714,0.12763,-0.68368,-8.568,1.3066
-1.3472,0.15456,3.9349,-9.5852,-1.0616,0.8786,-0.29753,1.246,-5.6756,-2.3264
-1.0831,-0.22759,-1.0616,-13.545,-0.48751,-0.33897,-0.93386,0.33799,17.664,-4.2859
-0.56438,1.4939,-2.0494,-5.1974,0.39024,-0.28321,-0.29279,-0.61906,18.466,-3.3454
0.18937,-0.48234,5.3782,-7.478,0.58117,1.3121,1.0519,0.48072,6.4199,-1.5808
0.01718,0.83137,0.49867,10.309,0.1068,-0.39197,1.0529,0.15406,-4.6117,2.6909
0.21589,-0.82027,6.9581,-13.075,-0.022601,-0.41133,-0.93175,0.24536,5.4224,-12.1
-0.088793,-2.3395,7.371,6.3365,-0.24262,-0.40535,-0.5898,-0.44064,7.2173,-2.9572
-0.10219,-1.1982,1.4959,0.49542,0.87395,0.38394,-0.74503,-0.27079,0.15353,-0.12083
0.20729,3.8814,-5.5571,7.2078,0.83483,0.24518,1.057,0.44708,1.607,0.45948
0.67515,0.92326,-8.346,-15.805,0.094895,-0.39448,0.030226,1.3138,-16.767,1.3407
0.1023,-1.1147,5.3946,-2.8952,-0.1,-0.41477,0.85616,-0.29831,12.266,2.4223
-0.64674,4.9411,-12.298,-4.1092,0.1133,-0.39053,0.74436,-0.42019,19.701,5.7711
0.40869,-1.3929,3.5569,-3.9241,0.78839,1.0333,0.69655,-0.46164,1.3767,-1.099
-0.67602,1.8702,-1.7697,-7.7525,0.36636,-0.29642,-0.12712,-0.66679,8.0545,-3.068
-0.85768,-0.26235,-2.9735,4.5825,-0.3577,-0.38248,-0.66319,-0.37005,-2.8293,-1.9045
-0.48659,-2.0472,3.5553,0.98025,-0.31025,-0.39361,0.10194,-0.68494,-8.9525,1.346
-3.8328,-1.7193,0.37745,1.2583,-0.56178,-0.30466,0.45132,-0.60832,4.0298,0.87507
1.6973,1.7893,-16.262,24.641,-0.06845,-0.41409,0.13034,-0.68351,-8.1598,-11.095
0.45798,-0.45162,-3.5447,-12.396,0.75937,1.0871,-0.84606,-0.095956,-12.873,1.7278
-0.14341,0.25168,-3.9438,2.1929,0.49011,-0.218,-0.93413,0.31785,11.273,-2.7429
1.0448,-0.50283,-5.3288,9.4606,-1.1023,0.66593,-0.84125,-0.10646,-10.463,1.2162
1.4252,0.88681,7.0966,0.28351,-1.0794,0.35788,-0.86551,-0.049655,-14.778,2.036
1.4871,0.89439,5.4591,2.2549,-1.1031,0.65511,-0.86336,-0.055109,-15.426,2.2113
1.3697,-0.55385,8.9728,3.9612,-0.62476,-0.26945,-0.87748,-0.017398,-3.0235,-3.4665
-0.64618,-2.6234,3.5766,2.9283,-0.54215,-0.31445,0.095862,-0.68514,1.0575,1.3641
1.2671,2.1514,1.3782,13.715,0.02645,-0.40603,1.0163,0.0034776,-15.199,4.4489
-1.4557,0.062096,4.6565,-8.9795,-1.0894,0.4059,0.73122,-0.43212,10.981,-2.3739
2.6528,8.0828,-8.5443,-12.629,-0.0077951,-0.40999,0.73473,-0.42898,-6.7702,8.4051
-1.8615,-1.4799,0.13992,-0.19618,0.51631,-0.19788,-0.2485,-0.63489,-7.5024,-0.29489
-0.68118,0.36665,-2.3411,-0.37596,0.15219,-0.38099,-0.62224,-0.4112,8.2932,-2.0393
4.4545,2.3347,-5.5444,-4.6126,0.23664,1.5248,0.89852,0.86821,-9.6388,-1.6713
-4.4567,-4.0581,7.8809,-4.2137,-0.076245,-0.41435,0.15982,-0.68117,-2.6104,3.3314
3.1948,0.28457,1.4828,1.2047,0.65025,-0.069556,-0.74325,0.90205,1.5235,0.14947
-1.5844,-2.1943,-0.60222,3.16,-0.48071,-0.34175,0.45397,-0.60721,14.546,1.198
0.96958,2.808,3.9303,10.577,0.25027,-0.34933,0.8007,0.99265,0.75793,1.3692
-0.43697,-1.7986,3.8105,-0.79418,-0.078931,-0.41443,-0.022714,-0.68166,9.3784,0.62022
-0.67478,0.64742,3.39,-15.232,0.45122,-0.24543,1.006,-0.026267,13.159,4.8887
1.071,0.6805,3.0908,5.8786,0.56986,-0.1522,0.67651,-0.4775,13.367,-0.70334
-0.80769,0.17147,-1.8847,-1.9916,0.14119,-0.38386,-0.64052,-0.39342,14.027,-2.3593
-0.50219,-0.96446,-0.14046,7.0962,-0.32686,-0.38999,-0.93409,0.32412,-1.5219,-1.2709
-0.43124,0.56618,-2.1484,2.6897,-0.085456,-0.41458,-0.05376,-0.67841,-3.423,-0.88092
-4.0416,-1.8812,1.5057,0.43264,0.52097,-0.19416,-0.21151,-0.64635,-16.448,-0.0090591
-0.32601,1.1026,-2.2985,1.643,0.018078,-0.40711,0.060213,-0.68558,-18.146,-1.263
0.19818,-2.5137,7.6847,-6.0541,0.81259,0.18902,1.0407,0.53735,19.681,5.212
-0.79927,-1.5641,-0.10914,5.1343,-0.60915,-0.27874,-0.22253,-0.6431,8.0555,0.85019
-0.33729,1.9099,1.6258,-11.109,0.46134,-0.23855,0.6397,-0.50457,-7.6746,1.5389
-0.64746,-2.1584,3.0561,1.7407,-0.49727,-0.33488,0.16475,-0.68069,17.547,0.59498
3.2208,0.12862,2.3961,1.3136,0.59416,-0.12918,-0.74457,0.90024,5.4409,-0.40411
-0.39545,0.23729,-1.1257,1.7675,0.012486,-0.40779,-0.099645,-0.6718,-10.884,-1.1215
1.1713,-1.2824,0.77912,-10.49,0.23962,-0.35331,-0.63763,-0.39629,-0.52855,-5.1651
1.1762,3.5052,-1.4707,-5.3502,0.8173,0.20013,-0.13644,-0.66491,-3.2941,-0.25809
-0.38655,2.1211,-7.3936,-7.7055,0.51347,-0.20013,-0.90785,0.54217,19.6,-3.3552
1.68,2.612,4.7919,-8.6638,0.73043,0.036508,0.87922,-0.26736,-18.341,0.72477
1.5574,0.41918,-2.275,9.0259,-1.0786,0.35455,0.68195,1.1021,-2.9128,-0.066612
-0.29472,-0.79775,-2.4353,2.0577,-0.94094,0.035523,-0.89917,0.57652,-4.4934,-1.2493
-1.0042,-1.341,-1.5358,4.9611,-0.49364,-0.33642,-0.715,-0.3103,-1.2708,-1.2713
-1.2487,1.0782,3.4364,-9.6052,-0.84017,1.2637,-0.93366,0.28373,-10.473,1.9353
3.4435,-0.10457,7.4577,-11.392,-0.33649,-0.38776,-0.65103,-0.38278,-2.3295,-0.19207
-1.0914,-0.89823,-2.043,2.4345,-0.30595,-0.3945,-0.83993,-0.1093,8.1743,-1.4377
-1.0554,-1.1913,-1.3347,2.2182,-0.31755,-0.39206,-0.80284,-0.18093,5.1745,-1.1296
-0.29219,-0.36196,1.0447,0.33366,0.06367,-0.40036,0.07765,-0.68552,13.565,0.14653
-0.09673,-0.92352,2.7651,9.9677,-0.90771,-0.011936,1.0185,0.61844,2.2657,-0.90141
-0.63706,0.76194,-2.2181,-2.4592,0.27667,-0.33884,-0.51725,-0.49798,15.484,-2.6842
0.29898,1.0304,1.4886,-3.8846,0.84632,0.27882,-0.91681,0.12908,1.2127,0.13891
0.99542,0.22931,6.5499,3.9493,-0.87556,-0.052849,1.0621,0.40099,-19.981,3.3313
2.1156,2.8389,-6.5185,13.8,-0.81565,-0.11891,-0.92455,0.17631,-8.7456,-4.8121
3.2994,0.55223,2.2716,-1.7726,0.29548,-0.33084,-0.83106,0.7566,-3.7246,-0.83709
1.7405,-0.36564,-6.1803,13.496,0.44208,-0.25148,-0.63052,-0.40326,-6.5046,-0.52595
1.9212,0.89538,-1.2092,11.89,-1.0656,0.30515,-0.082152,-0.67458,-1.5664,2.8355
-0.26226,0.82098,-6.6483,5.5515,0.70244,-0.0039355,1.0434,0.52527,-12.2,0.81324
-1.2729,-2.5798,2.9548,-1.7511,-0.48159,-0.3414,0.28548,-0.66118,11.305,0.87366
-3.0556,-2.4422,2.08,0.46598,0.42205,-0.26426,-0.23283,-0.63994,-9.8457,-0.96612
-0.89539,4.0614,-5.9026,-14.884,-0.37315,-0.37832,0.2543,-0.66768,5.6545,10.811
1.0204,-0.43476,4.7856,9.7613,-1.0825,0.79885,0.69002,-0.46689,6.1768,-1.1499
1.7017,-1.0995,-4.4781,15.306,0.83164,0.23646,1.052,0.48015,-11.872,-0.14836
0.13627,-1.0436,5.7023,-6.1827,0.86945,0.80728,0.49954,1.2155,10.337,2.7171
-1.3707,0.22186,2.8987,-8.0755,-1.095,0.73017,0.19522,1.306,-5.8046,-1.4532
-0.86324,2.1775,-3.0717,-10.207,0.51489,-0.19901,-0.27291,-0.62646,19.236,-5.334
-0.5697,1.6881,0.92111,-10.873,0.3997,-0.27774,0.39909,-0.62844,-1.96,0.72584
-0.58171,-0.071719,-1.9088,2.3397,-0.19059,-0.41116,-0.70208,0.95492,6.9177,-1.9799
1.7997,-0.52667,7.9738,-4.226,0.23667,-0.35439,1.0335,0.5668,-3.5956,6.162
-0.98397,-1.061,7.7324,-12.914,-1.1043,0.53491,-0.93384,0.33861,0.084717,2.7343
-0.29103,1.4624,-4.0222,3.9314,0.031347,-0.40536,-0.3061,-0.61384,0.43295,-2.1021
-0.70478,1.2409,2.4018,-14.131,0.42254,-0.26395,0.80901,-0.35472,-12.663,3.0285
0.42682,0.60932,-8.8357,-2.1711,-0.067321,1.5845,-0.5758,1.0814,10.167,3.6649
-0.76342,0.95033,-2.1816,-4.4014,0.25641,-0.34697,-0.46602,-0.53241,19.838,-3.2976
0.35441,-1.4419,5.1322,-5.0655,0.8597,0.84644,0.88977,-0.25232,7.1069,-2.6115
-0.55511,0.5058,-3.4874,0.31051,-0.040783,-0.41268,-0.69952,0.95799,12.963,-3.3804
3.8997,4.2977,-6.4641,-1.5428,0.83861,0.91461,1.0612,0.21801,-2.1216,-1.3387
-1.0554,-0.70384,-1.8626,0.62608,-0.16181,-0.4132,-0.80651,-0.17442,8.2407,-1.6239
-0.20321,-0.40767,1.0041,3.8063,-1.0687,0.31626,-0.88958,0.019252,-7.9037,0.31032
-2.0431,-2.9627,3.8296,-1.1591,0.39321,-0.2815,-0.065433,-0.67693,-10.753,-2.2442
-0.20706,1.2765,-2.805,1.7817,0.21123,-0.36327,-0.37371,-0.5838,-3.3803,-1.2889
1.0447,0.039464,-0.087037,6.0683,-0.98717,1.0572,-0.23136,-0.6404,-2.6542,0.038976
-0.33201,3.0389,-4.6667,-3.4165,0.69792,-0.010082,0.44581,1.2394,16.233,3.3792
-0.83936,-1.8313,0.45087,5.1816,-0.6897,-0.22645,-0.18638,-0.65326,0.78419,0.94166
2.7911,2.0401,-3.8091,1.2504,0.21432,-0.36223,-0.58017,1.0777,9.0057,-1.5488
0.66112,1.3195,-2.6558,8.4181,0.84512,0.89532,0.75409,-0.41109,-17.105,1.6317
-0.43037,-1.6079,3.0295,0.53263,-0.1808,-0.41195,0.083795,-0.68543,-10.725,0.60519
-0.84561,-0.0069323,-3.6228,5.5366,-0.39088,-0.37322,-0.60339,-0.42862,-2.1822,-2.151
0.23606,-0.65792,3.4504,-12.496,0.21179,-0.36309,-0.75437,0.88644,1.0592,-0.52144
-0.7861,1.1541,-3.3594,-3.6022,0.22453,-0.35872,-0.59006,-0.44042,19.116,-3.6
-0.84232,-0.75526,-2.2125,5.938,-0.54471,-0.3132,-0.41725,-0.56115,6.0259,-0.35027
-0.22412,2.8154,-8.8133,-3.3094,0.88442,0.44416,0.85,-0.30619,17.607,-4.6552
0.55444,2.3366,-3.4733,7.3369,0.88373,0.73109,0.94954,-0.15369,-20.157,1.1342
-0.90994,-1.1365,-1.8745,5.9923,-0.53986,-0.31556,-0.53657,-0.48376,-3.3868,-1.1252
-0.49607,0.11519,-5.11,14.006,-0.57663,-0.29689,-0.59761,-0.43379,-14.038,-4.5728
-2.2023,-4.0958,7.0166,-3.4595,0.16402,-0.37775,0.10746,-0.68473,-10.074,0.88584
0.32549,1.7742,-1.2268,-1.7383,0.89313,0.63605,0.12897,1.3124,-18.056,-1.9454
4.5668,1.5625,-5.7577,-6.3311,-0.056224,1.584,0.67027,1.1111,-10.95,-2.7085
0.34972,-0.94202,-2.7778,-9.4246,0.83649,0.92063,-0.76495,0.87095,-17.207,-3.1646
-0.48102,2.2563,-3.8007,-7.0575,0.53761,-0.18049,0.72471,1.0667,19.508,3.6911
-0.44802,-0.024902,-0.92876,3.8592,-0.45416,-0.35206,0.21782,-0.67398,12.292,1.5113
-1.0235,0.8799,-3.6149,-3.6211,0.14175,-0.38371,-0.65698,-0.37661,19.704,-3.7661
-1.0104,-1.34,-1.5924,4.9208,-0.49557,-0.3356,-0.73757,-0.28098,-1.4802,-1.3276
0.21212,-0.6363,1.8337,-6.4506,0.3161,1.492,0.89135,-0.25001,-1.0605,0.51546
1.1077,-2.0226,6.1726,-15.697,0.10162,-0.39308,-0.018471,-0.68203,9.821,3.7661
-0.84986,-1.4668,-0.80082,5.6767,-0.6144,-0.27566,-0.33667,-0.601,-2.8164,0.19263
-0.35962,3.061,-4.8291,-3.2691,0.70533,4.5706e-05,0.45871,1.234,15.63,3.3858
-0.46115,-1.6913,3.0263,0.811,-0.24566,-0.40492,0.10547,-0.68481,-8.2561,0.96104
0.23791,1.332,-0.77325,-2.5294,0.89289,0.64058,-0.49891,1.1397,-18.289,-2.0188
-0.81271,2.3989,-1.1185,-12.142,0.45486,-0.24298,0.14843,-0.68218,1.1833,-1.9441
1.0149,-0.046864,6.89,7.229,-1.0389,0.2262,1.0572,0.18314,-17.958,2.1571
0.016753,-1.4281,5.6856,3.878,0.39862,-0.27837,0.965,0.75208,19.791,3.8806
-0.32279,0.59182,-1.3085,-11.858,-0.09336,-0.41471,-0.3339,-0.60221,-6.8799,-1.2196
-1.649,-0.9843,-3.4458,4.2988,-0.37361,-0.37819,0.34617,-0.6455,-2.018,2.1166
0.43432,2.8408,-6.7716,7.6091,0.10483,-0.3924,-0.33596,-0.60131,-0.16359,-3.708
-0.40075,3.8429,-12.247,1.5998,0.67284,-0.042528,0.78324,-0.38228,19.504,-4.8603
-0.089262,1.5872,-2.9988,-5.297,0.67109,-0.04469,-0.13812,1.2934,-2.9803,0.20927
1.4766,-3.3665,0.6951,13.002,0.89223,0.51908,0.44623,-0.61043,8.1972,-1.7797
-0.65124,-0.2104,2.0359,-12.208,0.36627,-0.29646,1.0622,0.39996,7.8692,2.2326
0.72221,0.52716,-1.3291,9.9851,0.80213,1.0048,0.42653,-0.61829,-13.09,2.3686
-3.4864,-3.2166,5.3133,-3.0592,-0.18867,-0.41132,0.21744,-0.67404,3.0129,2.2178
-0.041632,-0.83766,10.806,11.347,-0.11636,1.5852,-0.35069,-0.5947,-11.305,1.2267
-0.40697,1.0785,-3.7544,5.3169,-0.33027,-0.38921,0.059114,-0.68557,-11.632,-0.20441
-0.89181,-0.6583,-7.816,-14.599,-1.0995,0.47496,1.0639,0.37738,-15.819,-0.16425
-0.61509,1.2324,-0.9893,-10.388,0.41898,-0.26616,1.0086,0.64788,19.315,3.4073
-0.63342,0.32375,-1.2929,-10.027,0.3678,-0.29564,0.83282,0.95612,19.612,2.2665
1.3595,3.2066,0.44659,-5.6564,0.83232,0.2383,0.20218,-0.67626,-3.7787,-0.72713
0.37437,-0.10287,1.6726,-5.9408,0.84806,0.88618,-0.50167,-0.50894,-9.5222,1.5499
0.065787,0.47803,-0.78465,12.946,0.12534,-0.38776,0.85047,-0.30558,-12.14,1.8907
0.75164,2.4472,3.2517,-5.852,-0.35164,-0.38404,1.0042,-0.031447,-10.351,2.2345
0.042901,-1.2743,9.4543,-3.0497,-1.1003,0.68809,0.093471,-0.68521,-12.092,5.0626
-0.39482,-0.3172,0.31393,1.3143,-0.097764,-0.41475,0.070664,-0.68558,-19.876,-0.85795
1.6883,0.27233,-1.7922,13.32,0.65255,-0.066889,0.23326,1.3003,-5.0887,0.13434
-0.60758,-2.4165,3.3601,2.539,-0.47612,-0.3436,0.10432,-0.68485,-1.5601,1.4165
-0.76299,2.3836,0.96881,-15.687,0.56335,-0.15811,0.38498,-0.63331,-2.0091,0.50202
0.59384,1.0117,9.3728,-13.071,0.36984,-0.29454,0.11424,-0.68442,18.143,3.4345
0.75289,0.1254,1.1102,12.291,0.79091,1.0283,-0.050068,-0.67885,-17.082,3.8811
1.008,-0.01687,2.5572,5.859,0.73074,0.036974,0.97071,-0.11133,16.253,0.35931
4.3028,3.1096,-5.2967,-3.7369,0.48747,1.3904,1.0168,0.6238,-9.0683,-0.82335
0.37998,0.7101,-7.1953,-6.807,0.33578,1.4825,-0.3249,1.2349,4.1327,4.6921
-0.95376,-1.3254,-1.6726,6.0934,-0.58224,-0.29387,-0.56448,-0.46191,-4.644,-1.0599
0.30203,0.62982,-0.78424,-4.6109,0.88863,0.69265,-0.68138,0.97896,-17.594,-2.1026
-0.67417,-2.0428,2.1581,3.2822,-0.52824,-0.32107,0.034335,-0.68509,2.0848,1.0474
0.34923,-0.10247,-1.4591,-8.3407,0.86174,0.83879,-0.93152,0.24216,-12.887,0.51084
-0.091969,3.2716,-3.8022,-12.956,0.86604,0.34867,-0.48648,-0.51921,9.6924,-1.1154
0.9777,-0.92844,6.2087,-4.5877,0.20611,-0.36497,-0.54771,-0.47523,9.8253,-5.3846
-0.40156,-0.31122,0.29474,1.3044,-0.11231,-0.41476,0.082836,-0.68545,-15.334,-0.56119
-0.076114,2.5699,-5.886,-8.0221,0.86522,0.8251,1.0161,0.0029856,16.401,-3.48
0.40052,3.2443,-4.6797,7.6141,0.89186,0.51372,1.0493,0.13336,-13.887,-0.21
-2.8853,-1.8889,0.71283,1.864,-0.74193,-0.18618,0.39619,-0.62946,1.6002,0.73853
-0.72397,-2.0642,1.5484,4.237,-0.59109,-0.28901,-0.057743,-0.67792,3.9597,0.95194
-0.22829,-0.15792,2.5868,-7.8457,0.27054,-0.34135,1.0563,0.45236,-13.484,0.88302
1.2009,-2.6423,5.6823,8.2479,0.81752,0.20064,-0.4725,-0.5283,18.679,-4.0584
-1.0532,-1.2531,-1.5114,3.6447,-0.40719,-0.36821,-0.79954,-0.18667,3.2133,-1.1564
0.57199,-5.6162,14.414,11.661,0.35517,-0.30231,-0.80877,-0.17037,-2.3806,-20.655
0.2925,-1.812,7.3778,-7.7399,0.89387,0.55217,1.0427,0.10056,13.553,1.7499
-0.1696,2.7975,-2.7861,1.2993,0.82338,0.21504,0.15933,1.31,-3.7286,0.24796
0.075914,-0.79538,0.20686,14.8,0.17168,-0.37558,0.31779,-0.65334,-12.355,-3.5428
-1.703,-0.78992,-4.3392,5.4832,0.093355,-0.3948,-0.1009,-0.67159,12.696,-2.7011
-0.92732,-1.3829,-7.6409,-14.808,-0.97192,0.085767,0.71464,1.0754,-4.3701,0.724
-0.85779,-0.38332,-2.2931,2.634,-0.21279,-0.40902,-0.73606,-0.28302,2.0092,-1.6038
-0.28835,1.2793,-2.5702,-7.533,0.40245,-0.27612,0.57708,1.1739,12.927,1.8068
0.46712,-0.32207,1.251,-7.3758,0.66646,1.2208,0.095239,-0.68516,-16.57,2.5193
2.4597,3.9096,-6.1863,6.5037,-0.32611,-0.39016,-0.71204,0.94278,-13.614,-3.573
-0.19093,3.1185,-4.2829,-0.12023,0.52972,-0.18705,0.99625,0.681,19.05,4.0656
0.33495,0.10058,-1.2119,-6.7775,0.87977,0.75579,-0.86414,0.68195,-15.55,-1.5074
-0.15256,-0.15931,-1.3285,16.119,-0.91322,-0.0044614,0.36977,-0.63829,-1.9286,6.001
-1.0953,-1.7567,2.8123,-3.8634,-0.22365,-0.40779,-0.17328,-0.65658,-6.3005,0.37957
-0.022127,2.4959,-1.7189,1.491,0.86288,0.33606,0.16475,1.3095,-5.609,-0.27288
-0.30237,-1.3352,3.3235,0.14457,-0.16697,-0.4129,0.35328,-0.6434,-10.148,1.5935
-0.85721,-0.22394,-2.2381,0.9611,-0.083737,-0.41454,-0.75027,-0.26345,8.0223,-1.8439
2.2763,2.8205,-4.5775,8.9404,-0.5858,-0.29193,-0.87281,0.6592,12.546,-2.3846
1.1289,0.44653,-6.149,2.3927,-0.70639,-0.21418,-0.78059,0.84686,-7.2711,-4.4198
-4.1478,-3.0146,3.7984,0.35605,0.4274,-0.26091,-0.17095,-0.65715,1.5181,-2.2431
-3.9223,-0.49643,-3.0062,3.1593,-0.43144,-0.3602,0.37878,-0.63537,-8.6602,2.0292
-0.60167,-3.4981,6.7026,-5.3087,-0.62825,-0.26732,0.080084,1.3143,-6.9103,-2.5774
-0.092931,-1.8484,8.5913,12.508,0.34143,1.4797,-0.76175,-0.24689,-1.4865,0.26319
-0.4319,-1.24,1.8183,3.0868,-0.44741,-0.35454,0.3228,-0.65202,15.459,0.84322
0.23005,-0.46396,-2.8456,-12.246,0.35063,1.4751,0.020183,-0.68455,-9.2006,3.7556
-0.56677,-0.80631,-0.064466,4.7576,-0.30906,-0.39386,-0.82893,0.76089,3.3876,-1.0205
-0.8305,-0.044007,-2.9625,3.3389,-0.21344,-0.40895,-0.71068,-0.31565,-3.4072,-1.8859
-0.49222,-1.0109,2.0798,-0.22611,-0.21381,-0.40891,0.073135,-0.68557,-17.472,0.48377
-1.4584,-0.69655,7.9922,-9.799,-0.99456,0.12727,0.27453,-0.66358,7.5017,0.85675
-0.9375,1.875,-3.5423,-7.4452,0.33204,-0.31394,-0.38651,-0.57742,19.531,-4.6458
1.61,-0.011361,-3.4371,8.8051,-0.96561,0.074976,1.0547,0.46361,-7.5252,0.94933
-1.4093,-0.038445,0.7152,-11.459,-1.1054,0.56724,0.99103,0.69398,14.49,2.7729
3.2661,0.18358,2.9328,-0.12305,0.39861,-0.27838,-0.77544,0.85497,8.5153,-1.5894
-1.1154,-0.32906,-2.9972,0.80806,-0.16536,-0.41299,-0.85754,-0.069407,13.521,-2.4364
4.1157,3.7598,-5.5542,-2.9286,0.69015,1.1909,1.0625,0.39628,-6.986,-0.77285
1.0014,2.8688,-2.4341,-2.8726,0.76639,0.095658,-0.3924,-0.57441,16.776,-2.4084
1.877,0.27621,2.0949,12.469,-1.0641,0.30008,0.44482,-0.61101,10.5,-0.51903
1.5033,-0.53394,-2.0688,7.5303,-1.0948,0.73142,-0.30321,1.2438,7.6537,0.47543
-0.79498,1.2234,-5.435,3.2249,-0.048359,-0.41314,-0.58185,-0.44747,-19.495,-2.1031
-2.9447,-0.64022,-2.6695,2.5447,0.25604,-0.34711,-0.31171,-0.61157,5.4687,-1.7589
-0.58651,-2.0807,3.0169,2.0266,-0.42189,-0.36344,0.10135,-0.68496,-3.4744,1.294
0.77923,-0.040606,7.6515,18.422,0.89425,0.60395,-0.93413,0.31503,-13.705,-1.3088
-0.95358,-1.359,-1.3375,4.7112,-0.46357,-0.34851,-0.67981,-0.3519,-2.7266,-1.2742
-3.7387,-2.6766,2.5136,0.78679,-0.51132,-0.32877,0.4394,-0.61321,12.095,0.52175
-0.068847,0.41319,-3.8697,-2.1265,0.77981,0.12037,-0.92105,0.15319,-4.9996,0.18342
-1.0949,-6.472,16.241,2.2569,0.23984,-0.35323,-0.78569,-0.20986,19.214,-20.169
0.19826,-0.55664,3.4297,-6.0031,0.41956,1.4362,1.04,0.08859,2.1441,-1.4324
3.1055,0.70409,-0.6763,0.55566,0.64828,-0.071819,-0.71325,0.94128,3.3983,0.27786
0.33756,0.62294,-1.0021,-4.319,0.88213,0.74149,-0.11116,1.2986,-19.203,-2.2336
0.1013,-0.42312,1.2866,5.5639,-0.63829,-0.26108,0.77518,-0.39049,17.978,-0.28939
-0.15454,-0.40714,7.6614,16.397,-0.70061,-0.21849,1.0474,0.50595,-1.5494,-0.66329
0.47024,2.5804,-4.8947,-16.007,-0.64609,-0.25612,1.0601,0.20711,-17.184,0.31916
-0.24789,-0.74619,-1.3682,3.6981,-1.0419,0.23409,-0.92927,0.41288,-5.2598,-0.60818
5.7999,2.9902,-7.8386,-14.643,0.43579,-0.25557,1.0585,0.19312,2.9012,7.9351
-0.77176,-1.8323,0.78624,4.6448,-0.63982,-0.26011,-0.1359,-0.66503,6.9999,0.86936
-0.58464,1.4615,-3.4925,-6.5272,0.4336,-0.25697,0.62567,1.143,19.778,3.2807
1.3293,-3.1392,3.8063,11.17,0.88049,0.41885,-0.079327,-0.675,16.132,-2.8667
-3.9266,0.38959,-4.9438,3.7316,0.23506,-0.35498,-0.18196,-0.6544,-3.3515,-2.0284
0.72244,2.6996,-4.0745,0.80092,0.56164,-0.15964,-0.55564,-0.469,-4.7684,-0.8684
3.3779,5.75,-9.2284,0.26165,0.7787,0.11826,1.0406,0.091051,11.185,0.14386
-0.32633,2.8698,-3.8517,-0.13412,0.74177,0.054186,0.19366,1.3062,3.2866,1.4992
0.096223,3.6028,0.98907,-14.124,0.8834,0.43717,0.21454,-0.67448,-5.5355,-3.598
-0.47065,-0.37064,0.14008,1.7622,-0.25269,-0.4039,0.10018,-0.685,7.8698,0.94042
-2.958,-1.6342,-0.38764,2.5304,-0.73654,-0.1906,0.35474,-0.64296,14.078,0.054976
4.644,0.97876,-5.2831,-9.085,-0.34992,1.5549,0.26553,1.2943,-17.513,-2.5847
0.32567,-3.0897,7.2636,-6.7512,-0.54723,-0.31197,0.87983,-0.2665,-4.6907,3.4932
3.2429,0.13841,2.8241,0.86274,0.5065,-0.20558,-0.75017,0.89241,5.2816,-0.91615
-0.36883,-1.913,3.7505,1.6704,-0.32974,-0.38933,0.37651,-0.63612,6.6053,1.4707
-0.55639,2.5508,-0.70378,-11.642,0.48924,-0.21864,0.21989,-0.67366,8.2771,-1.6282
0.067372,-1.1165,6.4332,-1.3983,0.84294,0.26849,0.01523,1.3131,6.2482,3.6779
1.5387,0.50537,3.6622,4.4283,-1.0657,0.86487,-0.89617,0.041471,-15.087,1.8878
0.26829,2.3106,7.0195,-17.775,0.84093,0.26253,0.90273,-0.233,-16.653,3.005
-0.83178,-4.7175,11.689,14.498,0.75637,0.078227,-0.51142,-0.50213,-1.4781,-12.198
-0.66404,-0.082326,1.9725,-11.165,0.33286,-0.31354,1.0652,0.27792,5.4116,2.2875
-0.75146,-2.141,1.9851,4.0356,-0.63608,-0.26246,-0.0079175,-0.68287,2.0693,1.0009
0.71577,-0.53275,-1.3538,-11.172,0.59367,-0.12966,-0.93405,0.30138,-13.162,2.2683
-0.43418,1.0649,-0.014297,-6.9176,0.29207,-0.33232,1.0581,0.19018,17.338,3.1707
-0.15269,3.5115,-4.224,-0.10452,0.81634,0.19783,0.30072,1.2864,1.9353,1.3103
-0.98496,0.13397,4.9462,-10.215,-1.0717,0.84343,-0.74149,-0.27566,1.927,0.99467
-0.89102,0.061241,-5.3472,-13.682,-1.0758,0.82748,0.82094,-0.34123,-9.6167,-0.851
1.3645,1.1075,-0.37245,18.129,0.0117,-0.40788,0.57917,-0.5438,-11.575,-1.2503
1.678,-0.98549,0.85603,15.113,0.63799,-0.083439,-0.85452,0.70543,2.9662,-0.10055
0.45654,0.30834,-0.7275,-5.5934,0.88149,0.74554,-0.35734,1.2204,-14.315,-2.0435
-1.0912,0.64751,-4.3888,-1.6724,0.037398,-0.40451,-0.82323,-0.14331,19.737,-4.1019
-4.2884,-3.2506,5.336,-1.9358,0.23892,-0.35357,-0.071244,-0.67615,-5.931,-2.2092
0.99951,-0.27316,2.3034,5.2149,0.78399,0.12841,1.0401,0.088751,13.6,0.6934
-1.4173,-1.187,-0.77334,-0.076709,-0.53089,-0.31983,0.49453,-0.58905,-19.275,2.0954
0.099966,-1.8407,12.54,-10.557,-1.0232,0.18787,-0.28419,-0.62232,-15.232,7.5828
1.7846,0.074167,7.4202,11.155,-0.86639,-0.063759,1.0474,0.12321,12.482,-0.61483
4.7313,0.41381,-6.1204,-10.511,-0.81633,1.2887,-0.79323,0.82623,-18.488,3.9667
-0.76614,0.77333,-4.4155,4.1077,-0.20286,-0.41004,-0.59768,-0.43372,-2.994,-2.5149
-1.0555,-1.4593,-2.4641,-13.111,-0.58034,-0.2949,-0.6703,0.99121,19.049,-0.38737
-0.00032693,1.3659,-2.4005,-5.1276,0.75662,0.078655,-0.44051,1.1767,-2.2781,0.074865
-0.85626,-0.45337,-2.9192,5.9749,-0.51465,-0.32729,-0.51001,-0.50313,-1.2265,-1.3371
-0.90336,-1.2956,-1.5681,5.8283,-0.54653,-0.31231,-0.5319,-0.48726,-4.9025,-1.0575
-0.89408,-2.8622,3.6092,-0.72303,0.079554,-0.3975,-0.52702,-0.49088,8.7039,-1.9869
-0.43014,1.8365,1.9164,-13.307,0.45978,-0.23963,0.83457,-0.32519,-16.211,2.3109
-0.24534,-1.1377,3.2175,-7.0106,0.14892,-0.38186,0.90544,0.85765,-15.272,1.0358
0.19908,2.1831,-2.59,-11.486,0.7114,1.1619,0.68198,1.1021,-0.29293,2.2012
-0.31455,-2.261,4.7032,-6.0286,-0.026839,-0.41168,0.63083,1.1395,-16.698,2.3626
0.45155,-0.95672,2.5757,-4.9077,0.71754,1.1531,0.45384,-0.60726,-9.8323,1.0374
-0.68417,-2.2958,2.3983,3.6758,-0.58461,-0.29258,0.005628,-0.68378,3.4071,1.0131
-3.9058,-0.14772,-3.0333,1.6549,0.42464,-0.26264,-0.24207,-0.637,-8.7353,-0.56194
1.0557,-0.4568,-3.1506,7.0581,-1.0592,0.88611,-0.64779,-0.38609,-8.6111,2.4572
0.22686,1.8877,0.27317,0.68117,0.88318,0.43568,0.14611,1.3112,-4.2344,-0.29906
0.10215,-0.91652,5.6163,-3.5114,0.89363,0.54545,0.2064,1.3045,3.1295,2.1604
-3.8927,-1.2899,-0.95828,2.0757,-0.53534,-0.31773,0.43594,-0.61459,8.8101,1.1268
0.95635,0.79771,5.232,-0.13248,-0.66652,-0.24264,1.059,0.43138,-19.175,4.1237
0.088093,-0.076621,2.8035,-0.53293,-0.28546,-0.39847,0.93493,-0.18029,-2.5823,1.7199
1.1973,0.13595,-5.9788,-6.536,-0.077821,-0.4144,-0.90987,0.53336,-6.9905,-2.3534
-0.48338,-0.41663,-2.0508,9.3828,-0.3917,-0.37298,-0.87995,-0.010297,-8.2496,-2.2396
1.0875,0.54945,-6.315,6.6864,-0.92983,0.018989,-0.85523,0.70375,-11.311,-4.2557
-0.26486,-2.0659,6.5973,13.108,0.82276,0.95696,-0.78616,0.83791,5.2948,0.75193
-0.31893,-0.78923,-2.8806,0.75088,-0.85035,-0.082097,-0.89764,0.58209,-3.8113,-1.6093
-0.21192,-0.29183,4.0238,2.4692,-0.9318,0.021878,-0.77599,-0.22529,-4.9672,0.4321
0.64645,1.1096,7.7692,-9.6916,-0.10557,-0.41478,0.77649,-0.38916,14.506,3.8988
-2.9824,-1.1118,-0.44071,0.089018,0.44333,-0.25066,-0.28105,-0.62349,-20.021,0.42676
-0.53646,-1.0235,0.29601,5.7994,-0.31731,-0.39211,-0.89922,0.57635,2.033,-0.98634
0.89439,-1.7601,-0.70594,20.37,0.80136,0.16395,0.57097,-0.54865,-17.934,-2.4975
-2.7834,-2.8224,2.6453,1.9676,-0.68834,-0.22742,0.42595,-0.61851,13.083,-0.065507
0.42654,1.5259,2.1687,0.44011,0.86537,0.34592,0.058623,1.3144,1.8386,0.79937
1.1149,-0.64197,-2.2518,2.0552,0.77976,0.12028,0.92254,0.83027,0.8493,0.59635
1.7754,-1.0028,9.2796,1.9036,-0.16805,-0.41283,0.991,0.69405,9.5644,5.3628
4.8489,1.8386,-10.606,-3.2652,-1.101,0.48917,-0.89811,0.048411,-4.1372,0.35312
-0.90695,-1.4775,-1.0342,6.0832,-0.66528,-0.24348,-0.38821,-0.57655,-3.3947,0.17094
1.503,-0.10101,-2.2308,7.9629,-1.1053,0.60857,0.0086609,1.3128,7.809,0.68083
-1.1699,-0.11225,-2.813,-7.209,-0.85119,1.2516,-0.50783,-0.50466,-4.592,0.74767
-0.19346,-1.1522,3.0306,-0.71426,0.81347,0.19107,-0.66976,-0.36298,10.681,-1.8477
0.13758,2.0708,-1.1906,-0.71736,0.89439,0.57762,-0.37239,1.2133,-17.449,-1.7779
-0.45611,0.33164,-1.6093,2.6341,-0.20071,-0.41025,0.055929,-0.68554,-12.558,-0.47056
-1.4294,0.2236,1.5436,-11.4,-1.1047,0.54378,1.029,0.045448,16.439,-0.012626
-0.78256,-1.0903,-0.98876,4.5718,-0.51071,-0.32904,-0.08815,-0.67366,-7.2247,0.59991
-3.3335,-3.4134,5.6062,-2.9979,0.082074,-0.39702,-0.019634,-0.68193,3.413,-0.0071277
-0.79425,-1.8425,0.64593,4.9,-0.6339,-0.26383,-0.14445,-0.66323,1.8642,0.92064
-0.39681,-0.30968,0.30578,1.321,-0.10558,-0.41478,0.065866,-0.68559,-19.129,-0.8026
-0.13831,0.86298,-1.4001,0.44177,0.32208,-0.31872,-0.36194,-0.58946,-12.103,-0.33716
0.51436,1.3244,5.2135,-7.0902,0.62725,-0.095199,-0.40959,-0.56533,11.426,-5.9259
-0.50373,-1.8315,3.1821,0.94275,-0.28467,-0.39862,0.10748,-0.68473,-6.8726,1.1267
-0.0059047,-1.563,5.4534,11.151,-0.61281,-0.27659,0.38181,1.2632,5.1304,-0.27131
-0.89723,2.203,-3.3088,-10.183,0.49681,-0.21299,-0.30565,-0.61402,19.611,-5.464
-1.0708,0.87044,-4.6927,-1.7102,0.052435,-0.40222,-0.8144,-0.16007,19.704,-4.3347
-0.64385,0.6879,3.2925,-14.9,0.45771,-0.24104,1.0133,-0.0056525,11.939,4.6534
-0.012038,1.6714,-5.2412,14.065,-0.36812,-0.3797,-0.92351,0.16903,-16.999,-2.7985
-0.84271,0.009246,-3.8957,5.4765,-0.30174,-0.39535,-0.44935,-0.54265,15.521,-2.1982
0.85945,2.1826,-2.6812,-0.12533,0.68621,-0.025577,-0.51336,-0.50076,17.413,-2.7128
1.0224,-0.31455,6.321,9.3275,-1.1044,0.53593,0.95153,-0.14991,-6.423,0.492
1.0282,0.0033366,1.2823,6.9969,-0.99346,1.0453,0.02394,-0.68471,3.2527,-0.85764
-0.36837,-0.34083,-3.4273,-5.111,-0.39758,-0.3712,-0.9107,0.099187,5.5239,-2.7535
0.36336,-0.20144,-1.3718,-6.6207,0.86857,0.81112,-0.42771,1.1841,-19.288,-2.7612
-3.1822,-3.265,4.1776,-0.56097,0.29979,-0.32894,-0.17158,-0.65699,2.661,-2.3659
-0.044224,-0.019599,-2.5403,-2.0103,0.84732,0.28193,-0.87906,-0.012883,-10.094,0.99823
0.17317,-0.93836,6.5881,-9.1287,0.76431,1.0785,0.85165,0.93291,14.606,3.0187
-1.0442,1.3021,0.70586,-17.895,-0.46715,-0.34713,-0.62242,-0.41103,19.799,3.0602
0.19901,1.3856,-3.4595,6.7994,-0.49961,-0.33388,0.41599,-0.6223,0.10557,3.3556
-0.39786,-0.29627,0.3005,1.3281,-0.11109,-0.41477,0.06217,-0.68558,-17.47,-0.76157
-0.51021,2.297,-3.9993,-7.0384,0.54026,-0.17825,0.732,1.0602,19.558,3.8326
-0.059138,-1.2145,4.4074,10.822,-0.79778,-0.13649,0.78687,1.0073,6.9326,-0.7959
0.68602,-1.3296,2.8112,-8.9529,0.57664,-0.14593,-0.77489,-0.22701,-7.94,-1.8253
-1.376,-4.0977,17.67,-17.957,-0.60461,-0.28136,-0.41669,-0.56146,15.99,8.2139
-0.12224,-1.5648,11.971,15.28,-0.25634,-0.40335,0.65323,1.1237,9.1525,1.18
-0.15496,3.0133,-2.9433,0.40228,0.86655,0.35079,-0.2684,1.2569,-4.6333,0.13834
0.080532,1.2636,-1.7849,-5.0838,0.81117,0.18575,-0.68675,0.97287,-3.8771,0.11337
-0.31307,-1.2771,0.15154,-9.4351,-0.092695,-0.4147,0.87789,-0.26922,2.7141,2.6465
-1.0595,-0.094763,-2.6399,-1.0495,-0.032139,-0.41208,-0.76795,-0.23764,15.08,-2.5046
1.0498,0.20172,-6.9678,10.638,-1.0738,0.33514,-0.93381,0.3397,-12.584,-3.9035
0.61085,1.5886,4.1785,2.8434,0.75903,0.082777,0.065034,1.3144,10.991,2.611
0.51786,1.4961,3.151,1.1969,0.83071,0.23398,0.032039,1.3138,6.3774,1.7049
0.069125,-0.37495,2.185,11.238,-0.24023,-0.40568,-0.56361,1.0914,-9.5715,0.23868
-1.7132,-0.25821,-4.0602,2.7327,0.30867,-0.32495,-0.23865,-0.6381,-10.61,-0.99948
-0.36475,0.28407,2.2031,-11.062,0.3775,-0.29036,1.0657,0.29638,-1.6898,1.8052
-0.27323,-0.42768,1.747,-0.18302,-0.05234,-0.41336,0.28376,-0.66156,-12.267,0.38735
1.6351,0.18878,-7.0537,12.287,-0.60981,-0.27835,0.82446,-0.33715,4.5488,12.418
-0.43066,-1.4592,2.6574,0.67381,-0.17229,-0.41255,0.10121,-0.68497,-11.987,0.48423
-1.1671,-0.35224,-5.0088,-6.529,-0.97539,1.0786,-0.1307,-0.66608,-0.6277,1.3191
3.0295,1.7537,-3.0229,-0.29877,0.57456,-0.14786,-0.67489,0.98619,-17.169,0.88814
-0.98958,-1.1351,-1.4407,3.329,-0.34671,-0.38528,-0.77166,-0.23199,0.30905,-1.3039
-0.12191,1.2691,-8.9352,22.053,-0.74257,-0.18565,-0.45609,-0.53856,-19.427,-7.9571
1.0727,-0.77799,-0.70213,2.9616,0.84804,0.28419,0.98011,0.71957,2.6884,0.3428
-0.80576,0.1431,-3.739,5.7979,-0.422,-0.3634,-0.44421,-0.54572,5.7699,-1.6275
-0.58257,-2.3882,3.4469,2.2757,-0.46578,-0.34766,0.089136,-0.68532,-3.2478,1.4615
0.71184,1.8259,5.0512,5.3961,0.63097,-0.091167,0.20288,1.305,13.511,2.97
-0.83356,-1.7634,0.4749,5.0048,-0.67472,-0.23702,-0.16636,-0.65825,-0.25187,0.9574
-1.3941,0.13237,2.0658,-8.7295,-1.1049,0.62134,0.63989,1.1332,3.0229,0.71036
-0.68917,2.048,-3.0381,-7.2579,0.3908,-0.28289,-0.30588,-0.61393,19.479,-4.3381
-0.10285,-0.057547,0.67064,0.032769,0.35174,-0.30408,-0.31148,-0.61166,17.563,-1.9969
3.6571,4.8655,-7.9267,0.33778,0.89366,0.54613,1.0479,0.12561,5.9844,-1.8349
0.020684,-1.4367,8.2602,2.2156,0.67895,-0.03487,-0.037338,1.3091,12.886,6.3033
-1.1035,-0.2178,-3.1299,0.92923,-0.16147,-0.41322,-0.84884,-0.089713,15.163,-2.5975
-0.17638,-2.0907,7.5093,12.722,0.64621,1.2446,-0.93371,0.28538,2.5993,0.44724
-0.71841,0.49567,-3.1708,1.5486,0.0014149,-0.40904,-0.64965,-0.38419,-0.036045,-1.877
-0.70276,-2.0915,1.9489,3.8007,-0.59176,-0.28864,-0.0016365,-0.68331,0.91408,1.0747
-0.50739,-2.1925,3.7335,1.1101,-0.31945,-0.39165,0.12782,-0.68367,-7.4043,1.4838
3.1553,0.67048,0.15055,0.77278,0.66664,-0.050136,-0.73341,0.91537,-4.6194,0.47846
-1.1648,-0.13005,-6.4952,-5.2544,-1.0834,0.79473,0.23235,-0.67164,7.2543,1.6513
